time,.header.seq,.header.stamp.secs,.header.stamp.nsecs,.header.frame_id,.orientation.x,.orientation.y,.orientation.z,.orientation.w,.angular_velocity.x,.angular_velocity.y,.angular_velocity.z,.linear_acceleration.x,.linear_acceleration.y,.linear_acceleration.z
1969/12/31/18:00:04.569,1,1730347585,250313226,RL_myo,-0.6288034304443522,0.0855739088995323,0.4213996198590378,0.6478469822108672,4.5,-1.0,4.125,0.5888671875,0.36474609375,0.61962890625
1969/12/31/18:00:04.587,2,1730347585,272723436,RL_myo,-0.6294081425434898,0.0853900301996064,0.4217620505212872,0.6470476841644235,6.0,-0.625,3.3125,0.5927734375,0.3818359375,0.6083984375
1969/12/31/18:00:04.604,3,1730347585,293869602,RL_myo,-0.6300012474167472,0.0853876908676641,0.4219336004061202,0.6463585749024756,4.5,-0.5,3.125,0.59619140625,0.376953125,0.6025390625
1969/12/31/18:00:04.618,4,1730347585,310309660,RL_myo,-0.6305525138198435,0.0857541653196089,0.42187387237661,0.645811262097354,1.9375,0.0,2.9375,0.603515625,0.3681640625,0.5908203125
1969/12/31/18:00:04.636,5,1730347585,332770804,RL_myo,-0.6309132546018393,0.0860585942718964,0.4217481463963151,0.6455004915032458,0.8125,-0.0625,1.75,0.60302734375,0.37451171875,0.591796875
1969/12/31/18:00:04.653,6,1730347585,353802879,RL_myo,-0.6311248524295285,0.0861845543162953,0.4218282258356355,0.6452244501965712,1.8125,-0.5625,1.0,0.595703125,0.37841796875,0.58349609375
1969/12/31/18:00:04.667,7,1730347585,370284895,RL_myo,-0.6313052334758192,0.0861231445842,0.4219484752023918,0.6449775115671451,2.375,-0.8125,0.5,0.591796875,0.38720703125,0.59716796875
1969/12/31/18:00:04.685,8,1730347585,392599821,RL_myo,-0.6313611557189143,0.0858172645921107,0.4224943851398225,0.6446060678216796,5.0625,-1.6875,0.3125,0.59423828125,0.39306640625,0.6015625
1969/12/31/18:00:04.709,9,1730347585,421368234,RL_myo,-0.6315930803655662,0.0850831807141089,0.4235238098817804,0.6438001364221098,10.8125,-2.875,0.3125,0.60107421875,0.38427734375,0.62353515625
1969/12/31/18:00:04.716,10,1730347585,430278516,RL_myo,-0.6315425405175039,0.0828262518104042,0.4265216268615364,0.6421628557828026,26.5625,-4.875,-3.5,0.64111328125,0.38623046875,0.65478515625
1969/12/31/18:00:04.735,11,1730347585,452743445,RL_myo,-0.6306424248868693,0.0775179906703759,0.4326358408437988,0.6396149797124955,51.9375,-8.0625,-13.4375,0.68896484375,0.41552734375,0.70068359375
1969/12/31/18:00:04.752,12,1730347585,473781778,RL_myo,-0.629226464221706,0.0664078371397047,0.4430037518014494,0.6351470158784628,98.1875,-4.0625,-30.125,0.84375,0.4345703125,0.8291015625
1969/12/31/18:00:04.766,13,1730347585,490165301,RL_myo,-0.6257529313285366,0.0400403748489582,0.4613188309579671,0.627706120345559,184.3125,18.375,-65.0625,1.158203125,0.490234375,1.0390625
1969/12/31/18:00:04.784,14,1730347585,512725020,RL_myo,-0.6255056449026113,-0.0026245845756061,0.4841442989234497,0.6118333903692208,277.6875,71.4375,-67.125,1.39794921875,0.8984375,0.85791015625
1969/12/31/18:00:04.801,15,1730347585,533490987,RL_myo,-0.6330738063535496,-0.0482801177039778,0.5003187418704248,0.5887000445699947,278.8125,128.0,-15.0,1.162109375,1.46875,0.56689453125
1969/12/31/18:00:04.814,16,1730347585,549513393,RL_myo,-0.6331116592132727,-0.0935049707813297,0.5006055942222368,0.5829412375538385,170.9375,153.5625,-97.25,0.44580078125,1.8427734375,0.37255859375
1969/12/31/18:00:04.833,17,1730347585,572620415,RL_myo,-0.6256280390855107,-0.1347694351512983,0.4910417145797983,0.591020127069756,87.1875,146.0625,-165.3125,0.13232421875,1.76953125,0.2490234375
1969/12/31/18:00:04.850,18,1730347585,593721056,RL_myo,-0.6162167063349172,-0.1704727873210602,0.4728437820896002,0.6063289184559298,21.3125,146.8125,-191.8125,0.0302734375,1.5029296875,0.25927734375
1969/12/31/18:00:04.864,19,1730347585,609518571,RL_myo,-0.6062583258315993,-0.203367838686287,0.4499482913551345,0.6234090949404969,-4.0,149.3125,-199.6875,-0.09130859375,1.0703125,0.36962890625
1969/12/31/18:00:04.882,20,1730347585,632670021,RL_myo,-0.5935857393516966,-0.2388381489031556,0.4325698853249844,0.6352130374738412,45.9375,138.4375,-195.0,-0.06591796875,0.61865234375,0.40185546875
1969/12/31/18:00:04.900,21,1730347585,653778686,RL_myo,-0.5773329689064289,-0.2812506946527989,0.424622630794167,0.6381851699847364,131.3125,135.3125,-182.75,-0.10400390625,0.55908203125,0.37451171875
1969/12/31/18:00:04.913,22,1730347585,669632132,RL_myo,-0.5572698216972547,-0.3304555109166415,0.4237203835949991,0.6330170121382507,205.125,139.4375,-172.0625,-0.34130859375,0.68603515625,0.35302734375
1969/12/31/18:00:04.933,23,1730347585,693133654,RL_myo,-0.5356547192155441,-0.3795238199729094,0.4240803314846855,0.6238521974820049,223.0625,138.25,-159.3125,-0.56396484375,0.81298828125,0.400390625
1969/12/31/18:00:04.951,24,1730347585,715190775,RL_myo,-0.5135022052747098,-0.4251820232905775,0.4224964061466232,0.6140297379131797,209.3125,133.125,-155.4375,-0.57177734375,0.84423828125,0.4072265625
1969/12/31/18:00:04.962,25,1730347585,729907079,RL_myo,-0.4926158728692377,-0.4663706956503339,0.4175424589640014,0.6045546054726552,182.5625,130.75,-149.75,-0.60986328125,0.80810546875,0.4462890625
1969/12/31/18:00:04.981,26,1730347585,752703531,RL_myo,-0.4743682579944884,-0.5026277154637947,0.4116237174362879,0.5940589623083319,161.5,126.4375,-128.875,-0.58154296875,0.62841796875,0.44091796875
1969/12/31/18:00:05.000,27,1730347585,775162070,RL_myo,-0.4600236846674834,-0.5328388970607842,0.4053970165266585,0.5831930883637793,133.3125,117.5,-101.1875,-0.55859375,0.46630859375,0.376953125
1969/12/31/18:00:05.012,28,1730347585,789477022,RL_myo,-0.4493298991870126,-0.5565660623045868,0.4016015670538635,0.571885514178526,113.4375,99.5,-65.0625,-0.5947265625,0.37890625,0.2880859375
1969/12/31/18:00:05.030,29,1730347585,812752204,RL_myo,-0.4400051771511273,-0.5737340359579134,0.4024683226709022,0.5614658932741324,103.4375,66.375,-31.8125,-0.60693359375,0.306640625,0.1640625
1969/12/31/18:00:05.049,30,1730347585,835338938,RL_myo,-0.4301763028743546,-0.5843512945117865,0.4061894573820701,0.5554205953684204,86.5625,22.3125,2.125,-0.583984375,0.36865234375,0.0166015625
1969/12/31/18:00:05.067,31,1730347585,856358837,RL_myo,-0.4202984120774213,-0.5848532362076462,0.4165751760715075,0.5547621648811621,69.0,-44.3125,25.6875,-0.505859375,0.56396484375,-0.013671875
1969/12/31/18:00:05.080,32,1730347585,872817947,RL_myo,-0.4079017709112154,-0.5830132748382357,0.4359782058385174,0.5510305533123526,107.625,-69.625,38.125,-0.1640625,0.7587890625,-0.0576171875
1969/12/31/18:00:05.099,33,1730347585,895345554,RL_myo,-0.3933136699773968,-0.5817917290851251,0.4548375960073806,0.5476728058204813,113.1875,-73.6875,24.8125,-0.01171875,0.669921875,-0.09912109375
1969/12/31/18:00:05.116,34,1730347585,916265070,RL_myo,-0.386415187911429,-0.5725121564696263,0.4747334278273724,0.5454734693357196,69.625,-85.9375,63.5,-0.0126953125,0.607421875,-0.07763671875
1969/12/31/18:00:05.129,35,1730347585,932752492,RL_myo,-0.3855641006295947,-0.5558544031080764,0.4978702499343999,0.5426706377549037,45.25,-96.875,121.375,0.04833984375,0.6728515625,-0.1259765625
1969/12/31/18:00:05.148,36,1730347585,955324807,RL_myo,-0.3879416028586518,-0.5354033575009588,0.5222196906951897,0.5386382387079299,33.5,-98.6875,147.0,0.16796875,0.74169921875,-0.15576171875
1969/12/31/18:00:05.165,37,1730347585,976378742,RL_myo,-0.3916503005745402,-0.5134116142173963,0.5440503006578544,0.535749780028567,14.25,-97.5625,144.5,0.27490234375,0.81591796875,-0.19189453125
1969/12/31/18:00:05.178,38,1730347585,992722374,RL_myo,-0.392151949002201,-0.494264044049778,0.5651260538227827,0.5315566262817383,32.4375,-93.3125,125.1875,0.37744140625,0.8017578125,-0.16357421875
1969/12/31/18:00:05.197,39,1730347586,15314030,RL_myo,-0.3932579480118456,-0.4765727235878459,0.5825930643757671,0.5280264641084087,21.0625,-80.75,108.75,0.4951171875,0.771484375,-0.16064453125
1969/12/31/18:00:05.215,40,1730347586,36332719,RL_myo,-0.3960626972881227,-0.4603946564407936,0.6007774895063942,0.5198437344433566,28.875,-63.9375,93.5,0.53271484375,0.74658203125,-0.24755859375
1969/12/31/18:00:05.228,41,1730347586,52565226,RL_myo,-0.3929485452532539,-0.4526415675051461,0.6187810425252389,0.5077569040015252,75.1875,-47.125,63.875,0.4296875,0.8291015625,-0.30810546875
1969/12/31/18:00:05.247,42,1730347586,75248296,RL_myo,-0.3840289077149817,-0.4547068281113499,0.6323781806794224,0.4958440632988734,108.4375,-26.1875,24.4375,0.29248046875,1.02197265625,-0.29638671875
1969/12/31/18:00:05.264,43,1730347586,96190367,RL_myo,-0.3783623158439218,-0.4577701837117944,0.6425262298578747,0.4841987823180887,89.8125,-7.0625,11.125,0.2490234375,1.16552734375,-0.3330078125
1969/12/31/18:00:05.277,44,1730347586,112573156,RL_myo,-0.377200151173298,-0.4584996012320088,0.6513111348171946,0.4725377945604649,66.4375,6.6875,30.875,0.2333984375,1.06982421875,-0.38134765625
1969/12/31/18:00:05.296,45,1730347586,135066547,RL_myo,-0.3792152902063427,-0.4569138359061133,0.6571111885339589,0.4643602008514173,37.5625,11.5,42.5,0.1025390625,1.001953125,-0.29345703125
1969/12/31/18:00:05.313,46,1730347586,156146283,RL_myo,-0.3816589073892361,-0.4546581162869694,0.6610212645171002,0.4589916813636743,15.375,10.625,42.4375,0.009765625,1.0,-0.35888671875
1969/12/31/18:00:05.327,47,1730347586,173188876,RL_myo,-0.3830097462540964,-0.4524092811530458,0.6665895520065318,0.4519820192847146,27.3125,8.0,48.25,0.0009765625,0.88232421875,-0.357421875
1969/12/31/18:00:05.345,48,1730347586,195225989,RL_myo,-0.3841003031357671,-0.4497751682516237,0.6736556563974991,0.4431222311720434,38.25,6.5,54.5625,0.03173828125,0.73193359375,-0.3203125
1969/12/31/18:00:05.363,49,1730347586,216250253,RL_myo,-0.3832328627234187,-0.449027579400572,0.6820556204704896,0.4316328723013246,61.0625,7.125,49.0625,0.09423828125,0.81640625,-0.37158203125
1969/12/31/18:00:05.376,50,1730347586,232639234,RL_myo,-0.3786619422158962,-0.4524534135471371,0.6904293827121564,0.4185789167821754,84.5,7.5625,28.125,0.12060546875,1.013671875,-0.50048828125
1969/12/31/18:00:05.400,51,1730347586,262635116,RL_myo,-0.3710915899689428,-0.4600192949993293,0.6961629399976583,0.4074683313540563,97.3125,6.6875,-2.75,0.1044921875,1.30029296875,-0.505859375
1969/12/31/18:00:05.411,52,1730347586,275987864,RL_myo,-0.3662109286324269,-0.4652099496727264,0.6975707838900013,0.4035644433529345,48.75,2.3125,-12.8125,0.0712890625,1.23828125,-0.4609375
1969/12/31/18:00:05.425,53,1730347586,292664148,RL_myo,-0.3656625078863698,-0.4632579594153809,0.6996476928561939,0.4027109375787461,-4.4375,-5.0,19.0,0.068359375,0.96337890625,-0.5947265625
1969/12/31/18:00:05.444,54,1730347586,315261687,RL_myo,-0.3684678580845244,-0.4575788524200231,0.7006809691585788,0.4048446749502485,-29.0625,-9.0625,27.3125,0.154296875,0.9677734375,-0.4814453125
1969/12/31/18:00:05.460,55,1730347586,336001662,RL_myo,-0.3687215223524151,-0.4546609203779407,0.7019808357184449,0.4056486074415081,-10.0625,-10.125,14.125,0.12939453125,0.78955078125,-0.396484375
1969/12/31/18:00:05.481,56,1730347586,360213583,RL_myo,-0.3651225620058024,-0.4552740203947308,0.7057693387618009,0.4016226108321932,31.0,-8.0,11.875,0.0556640625,0.72998046875,-0.4052734375
1969/12/31/18:00:05.493,57,1730347586,375211758,RL_myo,-0.359869517190615,-0.4569170973013812,0.71198743521515,0.3934394348389933,61.75,-6.25,19.8125,0.0478515625,0.7822265625,-0.4228515625
1969/12/31/18:00:05.510,58,1730347586,396197073,RL_myo,-0.3554776358781354,-0.4587517017960277,0.7177913801385427,0.3846531698667598,65.25,-1.9375,17.8125,0.13134765625,0.90576171875,-0.44775390625
1969/12/31/18:00:05.524,59,1730347586,412640190,RL_myo,-0.351817696559471,-0.4613182079452605,0.7225568861677686,0.375927340928137,59.5625,5.5,13.875,0.134765625,0.92333984375,-0.5302734375
1969/12/31/18:00:05.543,60,1730347586,435167418,RL_myo,-0.3494361655836783,-0.4629647713453624,0.725179228523962,0.3710432228092892,36.9375,5.625,13.875,0.048828125,1.0361328125,-0.5517578125
1969/12/31/18:00:05.560,61,1730347586,456228858,RL_myo,-0.3473691486981745,-0.4629147116019953,0.7264171918216438,0.370624753276281,5.3125,-3.8125,9.25,0.02490234375,0.95458984375,-0.60791015625
1969/12/31/18:00:05.578,62,1730347586,478670583,RL_myo,-0.3472314137755657,-0.4611848413584417,0.7268116848724621,0.3721339303550051,-14.3125,-6.375,7.75,0.12939453125,0.93603515625,-0.62255859375
1969/12/31/18:00:05.592,63,1730347586,495233566,RL_myo,-0.3486295253888929,-0.4584307362037771,0.7271049607769401,0.3736537035067931,-20.0,-2.75,13.9375,0.138671875,0.87939453125,-0.564453125
1969/12/31/18:00:05.609,64,1730347586,516251722,RL_myo,-0.3498511221282632,-0.4555632895264055,0.7275340850957602,0.3751805386815132,-16.9375,-3.0625,16.625,0.10205078125,0.89892578125,-0.5380859375
1969/12/31/18:00:05.629,65,1730347586,540193764,RL_myo,-0.3504088851065726,-0.4541094069313534,0.7279178477235646,0.3756778762987204,-9.1875,-0.0625,11.0,0.13330078125,0.9794921875,-0.5927734375
1969/12/31/18:00:05.641,66,1730347586,555193400,RL_myo,-0.3490735088916943,-0.4554008480225444,0.7289099218717632,0.3734274746283242,16.125,6.5,8.875,0.05126953125,1.08837890625,-0.62255859375
1969/12/31/18:00:05.659,67,1730347586,577586598,RL_myo,-0.3438102673216719,-0.4598378402274944,0.7304060836212405,0.3699332558559654,44.5625,4.6875,2.0625,-0.119140625,1.18798828125,-0.6103515625
1969/12/31/18:00:05.671,68,1730347586,592046780,RL_myo,-0.3367889384159457,-0.4663043656212079,0.7294855730241724,0.3701138315611263,40.375,-5.3125,-25.6875,-0.08984375,1.32568359375,-0.58251953125
1969/12/31/18:00:05.690,69,1730347586,614769396,RL_myo,-0.3317370873843392,-0.4736485369093786,0.7252438035511902,0.3736696318246412,17.9375,-5.9375,-53.875,0.103515625,1.30712890625,-0.53125
1969/12/31/18:00:05.709,70,1730347586,637541579,RL_myo,-0.3267261452432434,-0.4817577927152849,0.7188219339678082,0.3800716806332293,1.125,-7.5,-68.9375,0.0615234375,1.21875,-0.50048828125
1969/12/31/18:00:05.720,71,1730347586,651852101,RL_myo,-0.3203808371435802,-0.4907948773997958,0.7102823017412541,0.3898404280503041,-14.9375,-12.4375,-82.375,-0.0771484375,1.12744140625,-0.48095703125
1969/12/31/18:00:05.740,72,1730347586,675095109,RL_myo,-0.31287558095328,-0.4999539374928436,0.7003993935698182,0.4019895778693527,-25.9375,-19.0,-90.9375,-0.17041015625,1.04443359375,-0.455078125
1969/12/31/18:00:05.758,73,1730347586,697549976,RL_myo,-0.3044426318268666,-0.5087268116032343,0.6896345824001133,0.4158315257891824,-31.8125,-27.0625,-97.25,-0.2158203125,0.9541015625,-0.36376953125
1969/12/31/18:00:05.770,74,1730347586,712063624,RL_myo,-0.296326164343019,-0.516968612149407,0.6782237565766484,0.4300544086428243,-37.4375,-27.4375,-97.25,-0.244140625,0.88134765625,-0.32568359375
1969/12/31/18:00:05.788,75,1730347586,735105549,RL_myo,-0.2900369907023633,-0.5241051429211266,0.6666822494616823,0.4435393121704701,-43.875,-21.9375,-90.6875,-0.22412109375,0.78271484375,-0.28564453125
1969/12/31/18:00:05.807,76,1730347586,757732271,RL_myo,-0.2856412394863261,-0.5304504299947992,0.6555710584022711,0.4552559840445526,-44.875,-12.625,-79.375,-0.22607421875,0.693359375,-0.25390625
1969/12/31/18:00:05.819,77,1730347586,772059239,RL_myo,-0.2808826202704233,-0.5372902447284955,0.6456882311692326,0.4642314667050933,-35.875,-6.375,-72.25,-0.26123046875,0.6025390625,-0.30908203125
1969/12/31/18:00:05.838,78,1730347586,795317148,RL_myo,-0.275829115217976,-0.5435402237256199,0.6368057444277814,0.4721872173769114,-28.0,-8.4375,-67.8125,-0.25244140625,0.63330078125,-0.2890625
1969/12/31/18:00:05.857,79,1730347586,817673311,RL_myo,-0.2724620524800459,-0.5481589814792321,0.6299464255480631,0.4779682645544891,-23.125,-8.25,-58.75,-0.10791015625,0.6943359375,-0.32421875
1969/12/31/18:00:05.874,80,1730347586,838797753,RL_myo,-0.2705718282062663,-0.5526794280188906,0.6248848132586861,0.4804740427790951,-15.75,1.5625,-48.0625,-0.03466796875,0.671875,-0.3818359375
1969/12/31/18:00:05.888,81,1730347586,855263127,RL_myo,-0.2696669262876912,-0.5566687115762208,0.6192939416285456,0.4836059431818418,-21.0625,3.9375,-43.0,-0.10888671875,0.73876953125,-0.37255859375
1969/12/31/18:00:05.906,82,1730347586,877709584,RL_myo,-0.2696504082072067,-0.5592590969675498,0.6130304889165197,0.4885811493206631,-36.75,-0.1875,-36.625,-0.1845703125,0.74853515625,-0.4033203125
1969/12/31/18:00:05.923,83,1730347586,898752555,RL_myo,-0.2723393592413833,-0.5593882177156608,0.6072398666724614,0.4941415177987986,-51.9375,-1.3125,-20.4375,-0.1640625,0.689453125,-0.400390625
1969/12/31/18:00:05.937,84,1730347586,915142572,RL_myo,-0.2776447249743351,-0.5573035796308318,0.6023468434319,0.4995041611760735,-56.1875,-0.125,-7.5,-0.07421875,0.6787109375,-0.31396484375
1969/12/31/18:00:05.955,85,1730347586,937659194,RL_myo,-0.2834533912349122,-0.5545774144617599,0.5988288590451603,0.5034898846461653,-50.8125,0.6875,-0.9375,-0.02734375,0.72509765625,-0.32275390625
1969/12/31/18:00:05.972,86,1730347586,958757126,RL_myo,-0.2886977576382112,-0.5526151157835867,0.5968047936969196,0.5050684872000419,-38.625,6.125,5.1875,-0.05859375,0.7646484375,-0.38671875
1969/12/31/18:00:05.986,87,1730347586,975215903,RL_myo,-0.2937611132350338,-0.5511454087912645,0.5960060815998558,0.5046978278288998,-25.4375,11.25,9.5625,-0.0556640625,0.810546875,-0.36669921875
1969/12/31/18:00:06.005,88,1730347586,997681918,RL_myo,-0.2987705390723243,-0.5497499990652553,0.59680864781393,0.5023251351512215,-12.375,15.625,18.125,-0.060546875,0.84033203125,-0.3583984375
1969/12/31/18:00:06.022,89,1730347587,18760506,RL_myo,-0.3028520470107647,-0.5489422230582058,0.5992344614171076,0.4978565391912147,-3.4375,16.8125,23.0,-0.06787109375,0.87060546875,-0.474609375
1969/12/31/18:00:06.036,90,1730347587,35172508,RL_myo,-0.3063303151408627,-0.5481475513608465,0.6027731006836343,0.4923013193716276,5.125,16.0,25.25,-0.04150390625,0.888671875,-0.4921875
1969/12/31/18:00:06.054,91,1730347587,57719492,RL_myo,-0.3103048168718942,-0.5466955634778828,0.6062052401989876,0.487185886756778,7.5625,15.3125,25.9375,-0.00048828125,0.9228515625,-0.4033203125
1969/12/31/18:00:06.071,92,1730347587,78783618,RL_myo,-0.3140869105523052,-0.5448608337544557,0.6088867119451608,0.4834594672531694,1.125,11.5625,24.25,-0.03662109375,0.97705078125,-0.416015625
1969/12/31/18:00:06.085,93,1730347587,95249419,RL_myo,-0.3181756709569592,-0.5423573781169269,0.6112659398875786,0.4805899161931896,-8.375,8.25,26.125,-0.04296875,1.02490234375,-0.4833984375
1969/12/31/18:00:06.103,94,1730347587,117591924,RL_myo,-0.3230138486627744,-0.5395161391402614,0.612945024238772,0.4784169587715091,-14.0625,9.5625,25.4375,-0.02392578125,0.99755859375,-0.447265625
1969/12/31/18:00:06.120,95,1730347587,138730064,RL_myo,-0.3271480079010238,-0.537169704764349,0.6142570058798328,0.4765618741961183,-11.5,9.9375,24.8125,-0.0771484375,0.92626953125,-0.39697265625
1969/12/31/18:00:06.135,96,1730347587,156640433,RL_myo,-0.3294635329798567,-0.5344169497539136,0.6165081783307769,0.4751525758147805,-5.8125,0.3125,25.75,-0.10498046875,0.94873046875,-0.4052734375
1969/12/31/18:00:06.152,97,1730347587,177624124,RL_myo,-0.3319803833384631,-0.5309610874538132,0.6193427008154779,0.4735862831996938,-7.5625,-3.6875,25.0,-0.0087890625,0.9462890625,-0.4306640625
1969/12/31/18:00:06.170,98,1730347587,198744467,RL_myo,-0.336664259962658,-0.5269076425412665,0.6210833048187105,0.4725262328917509,-15.875,2.875,27.5,0.0234375,0.962890625,-0.3681640625
1969/12/31/18:00:06.189,99,1730347587,222615494,RL_myo,-0.3414875253523756,-0.5236752399505599,0.6220627092746045,0.4713687503657545,-14.8125,9.3125,28.375,-0.0517578125,0.98828125,-0.35107421875
1969/12/31/18:00:06.202,100,1730347587,237684698,RL_myo,-0.3443684735242883,-0.5213135647591185,0.6231836431554384,0.4704090438588603,-8.875,5.1875,23.5,-0.09521484375,0.99365234375,-0.3681640625
1969/12/31/18:00:06.219,101,1730347587,258859978,RL_myo,-0.3458834537273241,-0.519527079253041,0.6251780865588461,0.4686241675875057,-2.3125,1.625,20.0,-0.05810546875,0.9462890625,-0.40966796875
1969/12/31/18:00:06.233,102,1730347587,275176656,RL_myo,-0.3489368580277761,-0.5164167842877406,0.6271952340551734,0.4671005377797044,-4.8125,1.5,23.9375,0.02294921875,0.95166015625,-0.3310546875
1969/12/31/18:00:06.251,103,1730347587,297831249,RL_myo,-0.3518741021995952,-0.5139864379224269,0.6288566999067526,0.4653405299513813,-4.4375,5.8125,23.875,-0.0244140625,0.986328125,-0.35302734375
1969/12/31/18:00:06.268,104,1730347587,318821390,RL_myo,-0.3530219354048798,-0.5131146976052602,0.6310938471795396,0.4623952597903474,5.9375,6.125,21.0625,-0.0615234375,0.93798828125,-0.40478515625
1969/12/31/18:00:06.282,105,1730347587,335197540,RL_myo,-0.3543770942888427,-0.5120340068875476,0.6335573955766771,0.4591765208982025,11.4375,6.4375,20.4375,-0.01171875,0.99658203125,-0.353515625
1969/12/31/18:00:06.300,106,1730347587,357844477,RL_myo,-0.3566289633374713,-0.5104988275465703,0.6349497014546832,0.457215054657025,0.6875,6.8125,19.0,-0.01025390625,1.02099609375,-0.35791015625
1969/12/31/18:00:06.318,107,1730347587,378737547,RL_myo,-0.3593719382579561,-0.5075030004441076,0.6356757365755117,0.4573935640803538,-11.375,0.4375,20.8125,-0.02294921875,1.0263671875,-0.32861328125
1969/12/31/18:00:06.331,108,1730347587,394654217,RL_myo,-0.361938613417656,-0.5043336867909092,0.6364748500369843,0.4577638449633086,-15.0625,-1.25,21.125,-0.01953125,0.98974609375,-0.357421875
1969/12/31/18:00:06.350,109,1730347587,417872885,RL_myo,-0.3642083142412673,-0.5014196918873824,0.6374713648291932,0.4577781727517186,-12.5625,-1.1875,20.5,-0.01025390625,0.97021484375,-0.36279296875
1969/12/31/18:00:06.367,110,1730347587,438868707,RL_myo,-0.3671234061268068,-0.499141349177893,0.6383003460139893,0.4567833036497128,-10.875,4.9375,18.3125,0.0439453125,0.9697265625,-0.3701171875
1969/12/31/18:00:06.380,111,1730347587,455186685,RL_myo,-0.3697051762717563,-0.4985557008069516,0.6388202699125313,0.4546085773273966,-0.6875,13.375,15.4375,0.01171875,0.9755859375,-0.34130859375
1969/12/31/18:00:06.399,112,1730347587,477808316,RL_myo,-0.3701217693174339,-0.4994568664783248,0.6399615355035116,0.4516657475179767,13.5625,11.5,12.4375,-0.05615234375,1.01123046875,-0.35302734375
1969/12/31/18:00:06.416,113,1730347587,498867392,RL_myo,-0.3701180520068468,-0.499818061986159,0.6413589199353473,0.4492808345683376,13.125,5.625,10.3125,-0.0107421875,1.041015625,-0.3564453125
1969/12/31/18:00:06.429,114,1730347587,514574943,RL_myo,-0.3718855265672336,-0.4990211825395867,0.6420259074283162,0.4477518829636018,1.3125,6.25,9.5,0.07861328125,1.01904296875,-0.3330078125
1969/12/31/18:00:06.449,115,1730347587,538268446,RL_myo,-0.3739065230806824,-0.4982368507847879,0.6422207698098173,0.4466614325668355,-1.1875,8.4375,11.375,0.03076171875,0.9453125,-0.296875
1969/12/31/18:00:06.466,116,1730347587,558913790,RL_myo,-0.37518804841218,-0.49793136472207,0.6427696986869478,0.4451352589995166,1.625,7.625,10.9375,0.009765625,0.8935546875,-0.32177734375
1969/12/31/18:00:06.480,117,1730347587,575074399,RL_myo,-0.3757302124485501,-0.4977998071361882,0.6441612511666663,0.4428074547294073,9.1875,5.375,11.5,0.03662109375,0.921875,-0.3330078125
1969/12/31/18:00:06.498,118,1730347587,597695348,RL_myo,-0.3779820249672766,-0.4970588747510901,0.6447605541343954,0.4408467893328983,10.1875,9.5625,11.9375,0.08154296875,0.96533203125,-0.189453125
1969/12/31/18:00:06.517,119,1730347587,620222115,RL_myo,-0.3808668764792617,-0.4992774117949296,0.643994617585367,0.4369592898581786,21.25,25.5,-1.875,0.17578125,1.1982421875,-0.2314453125
1969/12/31/18:00:06.528,120,1730347587,634509818,RL_myo,-0.378048926351517,-0.5057335169113125,0.6434277981268474,0.432797051462481,34.0,23.375,-12.3125,-0.10888671875,1.14013671875,-0.44287109375
1969/12/31/18:00:06.547,121,1730347587,657733070,RL_myo,-0.3725488886220582,-0.5100575134689613,0.6462844334238161,0.42821150107673,40.125,0.625,-3.8125,-0.0673828125,0.98974609375,-0.51611328125
1969/12/31/18:00:06.566,122,1730347587,680270769,RL_myo,-0.3701323620607861,-0.5105800146171628,0.6487692738034458,0.4259207820679692,19.3125,-6.3125,4.0625,0.05078125,0.98974609375,-0.43896484375
1969/12/31/18:00:06.577,123,1730347587,694619195,RL_myo,-0.370298287226813,-0.5095797593632211,0.6495936494074455,0.4257179089182498,-4.0,-3.625,4.4375,0.0810546875,0.923828125,-0.423828125
1969/12/31/18:00:06.596,124,1730347587,717697963,RL_myo,-0.3720831142094634,-0.5080130839182028,0.6489481086409146,0.4270166448506243,-18.6875,0.0625,4.625,0.06494140625,0.896484375,-0.4013671875
1969/12/31/18:00:06.615,125,1730347587,740359246,RL_myo,-0.3743333560072214,-0.5062930357214906,0.6479574282362079,0.4285942973883432,-18.875,1.4375,4.75,0.06640625,0.947265625,-0.36376953125
1969/12/31/18:00:06.632,126,1730347587,761237949,RL_myo,-0.3763317613201749,-0.5046849390782558,0.6465264916744424,0.4308955943756786,-22.9375,0.5625,3.25,0.03076171875,0.98876953125,-0.38720703125
1969/12/31/18:00:06.651,127,1730347587,785034895,RL_myo,-0.3778667611527324,-0.502744065839938,0.6456266515059931,0.4331643359555712,-25.375,-3.5625,3.375,0.0546875,0.97900390625,-0.443359375
1969/12/31/18:00:06.665,128,1730347587,800162257,RL_myo,-0.3804467306571503,-0.4999581535075754,0.6444949509078854,0.4358077421614075,-31.8125,-3.6875,3.4375,0.12255859375,1.0078125,-0.44189453125
1969/12/31/18:00:06.682,129,1730347587,821208704,RL_myo,-0.3859890019485172,-0.4964634000394116,0.6416670426130237,0.4390899557270135,-53.6875,5.1875,-0.3125,0.24169921875,1.07958984375,-0.525390625
1969/12/31/18:00:06.695,130,1730347587,837726590,RL_myo,-0.3934302531142098,-0.4927338556300056,0.6363487153224872,0.4443943023463484,-77.0625,11.6875,-5.875,0.24560546875,1.12109375,-0.56689453125
1969/12/31/18:00:06.720,131,1730347587,867640987,RL_myo,-0.4014938630413044,-0.4881647790520451,0.6300731450555466,0.4511160142502707,-99.5,11.625,-6.4375,0.22900390625,1.07861328125,-0.6796875
1969/12/31/18:00:06.730,132,1730347587,881198513,RL_myo,-0.4108911814471677,-0.4817534306539654,0.6195106196804445,0.4639920917054915,-121.0,4.9375,-15.75,0.31689453125,1.09326171875,-0.642578125
1969/12/31/18:00:06.744,133,1730347587,897656651,RL_myo,-0.4227777356325743,-0.4757546483695564,0.6039245985396743,0.4797828468034744,-151.125,18.25,-34.1875,0.46484375,1.12109375,-0.595703125
1969/12/31/18:00:06.769,134,1730347587,927706054,RL_myo,-0.4360432953213222,-0.4740689074413088,0.5840563120002426,0.4939667397865987,-150.125,49.625,-55.5,0.58740234375,1.087890625,-0.50244140625
1969/12/31/18:00:06.780,135,1730347587,941235754,RL_myo,-0.4501791963553418,-0.4772778356153434,0.5613812700754385,0.504376474875345,-134.8125,83.6875,-69.0,0.6484375,0.97412109375,-0.3662109375
1969/12/31/18:00:06.794,136,1730347587,957708204,RL_myo,-0.4621570805979869,-0.4858386637031135,0.5377184205055817,0.5111071570163157,-104.125,104.9375,-86.1875,0.650390625,0.8818359375,-0.2294921875
1969/12/31/18:00:06.813,137,1730347587,980215316,RL_myo,-0.4691184749620067,-0.4998193067218153,0.5152612757779418,0.5144067794665356,-60.9375,112.625,-104.25,0.58203125,0.72998046875,-0.1611328125
1969/12/31/18:00:06.829,138,1730347588,1005490,RL_myo,-0.4696625652305204,-0.519894182018658,0.4967009689208544,0.5122648356049068,2.25,116.3125,-114.875,0.50927734375,0.68115234375,-0.10107421875
1969/12/31/18:00:06.843,139,1730347588,17739175,RL_myo,-0.4646125759694098,-0.544570862164881,0.4804211226294305,0.5067280091563374,50.3125,117.9375,-127.0625,0.41943359375,0.703125,0.015625
1969/12/31/18:00:06.862,140,1730347588,40167013,RL_myo,-0.4560974849294003,-0.5703507288458779,0.4645199997052944,0.5008954983026346,67.5625,111.875,-137.0625,0.31298828125,0.68701171875,0.09375
1969/12/31/18:00:06.879,141,1730347588,61297501,RL_myo,-0.4444578679029497,-0.5954587969323232,0.4487913626325719,0.496459804658417,74.0,96.625,-146.6875,0.2353515625,0.7451171875,0.13232421875
1969/12/31/18:00:06.892,142,1730347588,77641986,RL_myo,-0.433355791672475,-0.6167690527958254,0.4318909270245681,0.495246323046544,51.9375,79.75,-145.625,0.095703125,0.69970703125,0.2001953125
1969/12/31/18:00:06.911,143,1730347588,100242818,RL_myo,-0.4261400656541044,-0.6321301432225093,0.4136891098544142,0.497672027405266,9.8125,63.4375,-129.5625,-0.13330078125,0.603515625,0.162109375
1969/12/31/18:00:06.928,144,1730347588,121286635,RL_myo,-0.4222922039395861,-0.6417083729181686,0.3970242501267536,0.5022463573086942,-17.0625,43.5,-103.75,-0.28125,0.53955078125,0.1572265625
1969/12/31/18:00:06.934,145,1730347588,128147546,RL_myo,-0.4211324388303331,-0.6445767661575578,0.38146054241878,0.5115233289618872,-37.875,16.1875,-81.875,-0.30810546875,0.52294921875,0.1875
1969/12/31/18:00:06.946,146,1730347588,143138200,RL_myo,-0.4213233661568191,-0.643307008444571,0.3660868535721572,0.5240449691181296,-56.5625,-3.125,-67.5625,-0.4150390625,0.41259765625,0.26318359375
1969/12/31/18:00:06.965,147,1730347588,165717344,RL_myo,-0.42016778592306,-0.6398342387901566,0.3520522645561025,0.5386375233543005,-56.0,-21.625,-53.5625,-0.5947265625,0.30615234375,0.3037109375
1969/12/31/18:00:06.983,148,1730347588,188123674,RL_myo,-0.4180828834691969,-0.6321901470034952,0.3431331344326752,0.5547990380635036,-50.625,-54.6875,-29.0,-0.66162109375,0.2880859375,0.314453125
1969/12/31/18:00:06.997,149,1730347588,204700186,RL_myo,-0.4185308430468412,-0.6166570085025866,0.3393658286919114,0.5739310948183531,-63.8125,-97.0625,7.5625,-0.7265625,0.376953125,0.40185546875
1969/12/31/18:00:07.014,150,1730347588,225644615,RL_myo,-0.4247918229817053,-0.5942813190190898,0.3445330230936388,0.5896427876187148,-83.8125,-127.25,55.9375,-0.91455078125,0.46142578125,0.39599609375
1969/12/31/18:00:07.033,151,1730347588,248143736,RL_myo,-0.4333433417850822,-0.5640177213290063,0.3522898265892246,0.6082675696098774,-107.8125,-166.5625,82.3125,-1.03662109375,0.5849609375,0.4599609375
1969/12/31/18:00:07.045,152,1730347588,263167900,RL_myo,-0.4432476761610283,-0.5227783456787672,0.3559043238357141,0.6352687707909643,-173.125,-220.8125,73.5,-0.9560546875,0.712890625,0.39208984375
1969/12/31/18:00:07.066,153,1730347588,288599312,RL_myo,-0.4524513732404018,-0.4760718617665094,0.358213558552262,0.6635709334776271,-193.1875,-244.125,73.9375,-0.84375,0.65087890625,0.3857421875
1969/12/31/18:00:07.082,154,1730347588,308142200,RL_myo,-0.4627590060394639,-0.4281527865163333,0.364006160909966,0.685593763497929,-171.4375,-239.3125,107.875,-0.8701171875,0.54248046875,0.544921875
1969/12/31/18:00:07.094,155,1730347588,323158865,RL_myo,-0.4727185354776831,-0.3765268748046259,0.3671274358809895,0.7070941553917314,-193.5,-247.8125,107.75,-0.8291015625,0.83203125,0.50244140625
1969/12/31/18:00:07.113,156,1730347588,345729171,RL_myo,-0.4784983159085431,-0.3220708690114007,0.3693714040661355,0.7286113386882892,-198.375,-267.9375,95.4375,-0.85595703125,0.923828125,0.46630859375
1969/12/31/18:00:07.131,157,1730347588,368238300,RL_myo,-0.4797957367696598,-0.2666616936708617,0.3731066453215787,0.7479833041740467,-181.0,-282.0,86.625,-0.74560546875,0.77587890625,0.50244140625
1969/12/31/18:00:07.143,158,1730347588,383084139,RL_myo,-0.4788872405777948,-0.2131371710550165,0.3803143507571042,0.761971490106193,-145.8125,-278.8125,91.4375,-0.54296875,0.82177734375,0.62353515625
1969/12/31/18:00:07.162,159,1730347588,405579769,RL_myo,-0.4791399233575112,-0.1621140938137006,0.3899039274404818,0.769492613218872,-118.6875,-262.6875,109.25,-0.2900390625,1.01220703125,0.580078125
1969/12/31/18:00:07.181,160,1730347588,428021835,RL_myo,-0.4812071871042566,-0.1135268097430133,0.3956958642816965,0.7739354556674244,-125.375,-233.8125,116.8125,-0.162109375,1.10302734375,0.58740234375
1969/12/31/18:00:07.193,161,1730347588,443106666,RL_myo,-0.482134098251475,-0.0687280661642183,0.3979025429169978,0.7774938781525875,-127.0625,-210.0,104.0,-0.1337890625,1.05615234375,0.6826171875
1969/12/31/18:00:07.211,162,1730347588,465566053,RL_myo,-0.4790193262421384,-0.0341197506841686,0.405591669581933,0.7777349968115862,-65.375,-186.0,72.8125,0.0791015625,1.1337890625,0.75634765625
1969/12/31/18:00:07.230,163,1730347588,488052367,RL_myo,-0.4804264760347793,-0.0018921637348593,0.4079138787117812,0.7763975066906864,-77.625,-147.375,87.4375,0.52392578125,1.16015625,0.99072265625
1969/12/31/18:00:07.242,164,1730347588,503081103,RL_myo,-0.4873708590098677,0.0317996515396544,0.3855021096438728,0.7828451643908032,-215.3125,-74.125,97.6875,0.44287109375,1.4111328125,1.0107421875
1969/12/31/18:00:07.260,165,1730347588,525468868,RL_myo,-0.4992669150660298,0.0664061618082934,0.3588862421257036,0.7858265930898697,-224.8125,-55.25,129.875,0.3427734375,0.80615234375,0.68701171875
1969/12/31/18:00:07.279,166,1730347588,548182295,RL_myo,-0.5093494802028252,0.0966817946843948,0.3413770692359977,0.7840136696471288,-154.1875,-69.75,119.375,0.32421875,0.2431640625,0.900390625
1969/12/31/18:00:07.293,167,1730347588,565952780,RL_myo,-0.5186930703958749,0.1195105944734199,0.3388778450032828,0.7757812337881348,-32.625,-87.3125,98.625,0.53271484375,0.02783203125,0.890625
1969/12/31/18:00:07.310,168,1730347588,585724343,RL_myo,-0.5275396473601326,0.1326326106344519,0.3474205337005524,0.763812466396471,50.5,-81.375,81.4375,0.42626953125,-0.03955078125,0.72412109375
1969/12/31/18:00:07.329,169,1730347588,608209332,RL_myo,-0.5381372067644608,0.142514503549395,0.3616877721771798,0.7478501978547053,83.5625,-77.1875,93.6875,0.53515625,0.1142578125,0.6181640625
1969/12/31/18:00:07.341,170,1730347588,623226076,RL_myo,-0.5507126610349437,0.14703167465734,0.3831124208485361,0.7268577058921804,132.875,-72.125,107.0,0.87255859375,0.20703125,0.51904296875
1969/12/31/18:00:07.362,171,1730347588,648573198,RL_myo,-0.5621406819574487,0.1389177190157604,0.4174245519985876,0.7003259701172385,232.875,-66.875,85.25,1.02001953125,0.68701171875,0.49609375
1969/12/31/18:00:07.378,172,1730347588,668117466,RL_myo,-0.5777685436201979,0.1273214855262764,0.4343335047962527,0.6792106859714306,166.875,15.8125,88.5625,1.30517578125,0.77490234375,0.8671875
1969/12/31/18:00:07.390,173,1730347588,683190462,RL_myo,-0.5823572604656057,0.118656588863341,0.4348300098057829,0.676537876008885,36.375,37.625,12.0625,0.626953125,0.58251953125,0.63916015625
1969/12/31/18:00:07.408,174,1730347588,705679769,RL_myo,-0.5833980196342189,0.1178637346634941,0.4385556362284853,0.6733675405529088,20.875,-0.5625,9.125,0.6923828125,0.44482421875,0.42919921875
1969/12/31/18:00:07.427,175,1730347588,728142573,RL_myo,-0.58508052198992,0.1204828865437202,0.4393902230132938,0.670895587076278,5.25,2.875,6.8125,0.77197265625,0.21875,0.392578125
1969/12/31/18:00:07.440,176,1730347588,743309161,RL_myo,-0.5869916316354066,0.1228672303714332,0.4376343972991437,0.6699407454331103,-3.125,7.1875,3.5,0.72802734375,0.17578125,0.494140625
1969/12/31/18:00:07.458,177,1730347588,765603382,RL_myo,-0.5864426154584897,0.1239049239571954,0.437329448351382,0.6704294013526282,-5.125,1.0,-5.6875,0.66357421875,0.33056640625,0.47119140625
1969/12/31/18:00:07.477,178,1730347588,788186069,RL_myo,-0.5856264393054591,0.1257921929555551,0.4365190509549393,0.6713189375633918,-14.4375,-2.0625,-1.625,0.6884765625,0.427734375,0.505859375
1969/12/31/18:00:07.489,179,1730347588,803192176,RL_myo,-0.5852777683491338,0.1291529625432023,0.4332361664138233,0.6731091072431169,-25.375,1.4375,-2.125,0.70166015625,0.32763671875,0.55322265625
1969/12/31/18:00:07.507,180,1730347588,825550141,RL_myo,-0.5850244680585136,0.1309820040118487,0.4299945099084223,0.6750517075354368,-19.25,6.1875,-7.0625,0.67919921875,0.29638671875,0.560546875
1969/12/31/18:00:07.526,181,1730347588,848178266,RL_myo,-0.584178694716497,0.1308008507760373,0.4281088041731804,0.6770149495136751,-11.125,8.4375,-11.625,0.6494140625,0.34716796875,0.5283203125
1969/12/31/18:00:07.538,182,1730347588,863167867,RL_myo,-0.5831510804596822,0.1317186551844247,0.4254305035382023,0.6794070207867619,-20.5,7.25,-9.0,0.64501953125,0.380859375,0.52197265625
1969/12/31/18:00:07.556,183,1730347588,885727608,RL_myo,-0.5825366548189246,0.1343423278768286,0.4213380687568143,0.6819658470548873,-31.3125,6.0625,-3.5,0.66162109375,0.37060546875,0.5478515625
1969/12/31/18:00:07.575,184,1730347588,908195506,RL_myo,-0.5822798699608311,0.1372691223838479,0.4166902172141083,0.6844535075199958,-32.625,5.75,-0.6875,0.65234375,0.35498046875,0.5908203125
1969/12/31/18:00:07.588,185,1730347588,923281486,RL_myo,-0.5822763667426432,0.139526601087388,0.4127204184395968,0.6864025178603528,-24.8125,5.125,-0.875,0.6484375,0.33544921875,0.6162109375
1969/12/31/18:00:07.606,186,1730347588,945695461,RL_myo,-0.5826463669737053,0.1406871858238415,0.4095492481032435,0.687749765667265,-14.9375,5.875,-1.125,0.63818359375,0.30810546875,0.6328125
1969/12/31/18:00:07.624,187,1730347588,968117821,RL_myo,-0.5835098950122894,0.1415438751604078,0.4068699749112889,0.6884318102346876,-11.5625,7.125,3.25,0.62646484375,0.32421875,0.6123046875
1969/12/31/18:00:07.636,188,1730347588,983129585,RL_myo,-0.5849133783521506,0.1426424465416859,0.404672409315951,0.6883093152120634,-10.625,6.5,9.3125,0.62744140625,0.35107421875,0.587890625
1969/12/31/18:00:07.636,1,1730347594,180685113,RL_myo,-0.5252179893459129,-0.2039835584420733,0.4697969626955829,0.6795789765691335,166.75,143.1875,-173.6875,-0.134765625,0.69580078125,0.326171875
1969/12/31/18:00:07.651,2,1730347594,198561802,RL_myo,-0.5034347786056074,-0.2566614020412923,0.4760290783638617,0.6738506250977092,222.6875,132.125,-196.6875,-0.26806640625,0.73828125,0.25244140625
1969/12/31/18:00:07.667,3,1730347594,218192567,RL_myo,-0.4787662274455566,-0.3103679585110473,0.4802310909665527,0.666207722153015,227.5625,135.6875,-204.625,-0.52685546875,0.84375,0.24365234375
1969/12/31/18:00:07.685,4,1730347594,240707465,RL_myo,-0.4550930808096371,-0.3609737768117212,0.4809728375509576,0.6566988273110094,211.125,140.375,-194.375,-0.53857421875,0.9443359375,0.33251953125
1969/12/31/18:00:07.700,5,1730347594,258539953,RL_myo,-0.4351259029170465,-0.4079038307188416,0.4768135157228177,0.645700228217062,183.125,154.0625,-177.375,-0.53857421875,0.76953125,0.419921875
1969/12/31/18:00:07.717,6,1730347594,278136760,RL_myo,-0.4180945505980988,-0.451114864740226,0.469120396481312,0.6337336815854102,156.125,159.5,-160.8125,-0.646484375,0.7060546875,0.34423828125
1969/12/31/18:00:07.735,7,1730347594,300662208,RL_myo,-0.4024201597973243,-0.489764805432084,0.4611992609477601,0.6208733301165452,141.25,149.875,-141.4375,-0.7041015625,0.5751953125,0.1865234375
1969/12/31/18:00:07.750,8,1730347594,318506810,RL_myo,-0.3879285814396109,-0.5220190618396778,0.4559808734951752,0.6075269193911088,133.5,125.75,-111.625,-0.701171875,0.47412109375,0.10693359375
1969/12/31/18:00:07.766,9,1730347594,338228412,RL_myo,-0.3741491833189226,-0.5464531220643254,0.4558150246371475,0.5946713691804671,130.9375,88.5,-74.125,-0.720703125,0.4228515625,0.12939453125
1969/12/31/18:00:07.784,10,1730347594,360708583,RL_myo,-0.3619424454250534,-0.56171270240249,0.4616749843499331,0.5833804204675649,123.375,44.1875,-30.4375,-0.68017578125,0.4638671875,0.15478515625
1969/12/31/18:00:07.799,11,1730347594,378552193,RL_myo,-0.3533449575873795,-0.5683183451539282,0.4687665009969035,0.5765583813042644,98.5625,13.625,16.1875,-0.56591796875,0.52392578125,0.1865234375
1969/12/31/18:00:07.815,12,1730347594,398135278,RL_myo,-0.3512506548032511,-0.5666396314845149,0.4748444994560024,0.5745130171438754,48.625,-8.625,35.9375,-0.44091796875,0.66015625,0.2333984375
1969/12/31/18:00:07.833,13,1730347594,420699041,RL_myo,-0.3533295987727526,-0.5588332710940271,0.4813192634171579,0.5754957310119684,11.3125,-31.5,45.9375,-0.259765625,0.8740234375,0.14501953125
1969/12/31/18:00:07.848,14,1730347594,438540680,RL_myo,-0.3529647576771041,-0.5496802019090438,0.4911477442551716,0.5762303782171089,18.875,-52.625,45.5625,-0.1318359375,0.86572265625,0.00830078125
1969/12/31/18:00:07.865,15,1730347594,458188555,RL_myo,-0.349918398223185,-0.5402891437417815,0.5037897189838076,0.5760561385715018,34.3125,-64.625,48.9375,-0.044921875,0.56201171875,-0.03125
1969/12/31/18:00:07.883,16,1730347594,480681438,RL_myo,-0.35181456598134,-0.5255855703791322,0.5185663692882485,0.5753913798587945,20.125,-70.9375,79.625,0.10791015625,0.53125,0.01708984375
1969/12/31/18:00:07.898,17,1730347594,498521287,RL_myo,-0.3575467551046741,-0.5084268470505182,0.5335735290414922,0.5735518705562689,3.6875,-65.0,111.0625,0.306640625,0.7685546875,-0.02978515625
1969/12/31/18:00:07.913,18,1730347594,518054439,RL_myo,-0.3632868143363897,-0.4918288222316244,0.5491417117917504,0.5697108744986327,12.1875,-58.25,115.625,0.27294921875,0.8271484375,-0.0791015625
1969/12/31/18:00:07.932,19,1730347594,540652279,RL_myo,-0.3690110394253962,-0.4762476249812052,0.5686529696206446,0.5600471878543559,44.9375,-46.75,137.0,0.27978515625,0.4873046875,-0.0908203125
1969/12/31/18:00:07.947,20,1730347594,558512630,RL_myo,-0.3763537500667494,-0.4604626484760878,0.5895557690390419,0.5465857657878269,56.625,-35.4375,150.4375,0.560546875,0.5615234375,-0.11767578125
1969/12/31/18:00:07.969,21,1730347594,585729100,RL_myo,-0.3776334069824034,-0.452098051643553,0.6089010615898589,0.5312625140415128,88.5,-24.5,107.0625,0.52294921875,0.82958984375,-0.2646484375
1969/12/31/18:00:07.981,22,1730347594,600640777,RL_myo,-0.3739632786183724,-0.4506236144996643,0.6259780292981928,0.5150158552279789,99.625,-16.0,52.3125,0.3076171875,0.9775390625,-0.41455078125
1969/12/31/18:00:07.996,23,1730347594,618639962,RL_myo,-0.3680472894047781,-0.4533146299186214,0.6396576439406426,0.4998851244154449,111.1875,-4.6875,35.125,0.34814453125,0.98193359375,-0.4990234375
1969/12/31/18:00:08.013,24,1730347594,638124628,RL_myo,-0.3676804910505781,-0.4529476965614775,0.6518027828567603,0.4845643124917894,77.875,6.0,40.75,0.3876953125,1.05908203125,-0.47802734375
1969/12/31/18:00:08.031,25,1730347594,660662780,RL_myo,-0.3689579875404925,-0.4513555529961857,0.65814292467314,0.4764410340349189,32.0,6.125,34.75,0.1904296875,1.21484375,-0.484375
1969/12/31/18:00:08.045,26,1730347594,678620855,RL_myo,-0.3699375363169755,-0.4501995162306569,0.6613220930530325,0.4723554848304032,4.9375,5.0,22.0,0.103515625,1.15771484375,-0.54736328125
1969/12/31/18:00:08.062,27,1730347594,698207341,RL_myo,-0.372319592683662,-0.4476380152036028,0.6657806749169484,0.4666202108305894,5.625,6.8125,34.9375,0.146484375,0.9111328125,-0.5185546875
1969/12/31/18:00:08.080,28,1730347594,720651010,RL_myo,-0.376594579016497,-0.442758035038196,0.6696913648247982,0.4622286461737329,-1.125,6.8125,48.25,0.11279296875,0.9404296875,-0.3896484375
1969/12/31/18:00:08.105,29,1730347594,752073016,RL_myo,-0.3779971445747522,-0.4395826635277515,0.6731681749580077,0.4590532091630407,4.875,-0.9375,35.125,0.048828125,0.943359375,-0.3837890625
1969/12/31/18:00:08.111,30,1730347594,758181860,RL_myo,-0.3763425925814256,-0.438598422038619,0.6792599274795145,0.4523313255953529,34.125,-4.0,28.9375,0.107421875,0.83935546875,-0.41845703125
1969/12/31/18:00:08.132,31,1730347594,783366763,RL_myo,-0.3740270971766741,-0.439640532141577,0.6872015481579918,0.4411053902245143,63.75,5.3125,32.75,0.1318359375,0.83544921875,-0.421875
1969/12/31/18:00:08.144,32,1730347594,798424136,RL_myo,-0.3699257013288539,-0.4426169255959162,0.6967005247762527,0.426442975612061,93.6875,9.1875,35.4375,0.10302734375,0.9130859375,-0.43310546875
1969/12/31/18:00:08.161,33,1730347594,819466784,RL_myo,-0.3671266084473633,-0.4450685334660305,0.7044070138139684,0.413452310161669,82.6875,11.9375,30.9375,0.15966796875,1.02099609375,-0.44287109375
1969/12/31/18:00:08.179,34,1730347594,840651345,RL_myo,-0.3647471746683395,-0.4481214451832244,0.7095968294334196,0.4032604723952007,57.75,15.9375,21.0625,0.10888671875,1.0146484375,-0.5908203125
1969/12/31/18:00:08.198,35,1730347594,864649760,RL_myo,-0.3612755923919852,-0.450938347118092,0.7116866712773352,0.3995455360361438,33.5,4.75,9.0,-0.03173828125,1.20947265625,-0.5849609375
1969/12/31/18:00:08.217,36,1730347594,887121026,RL_myo,-0.3588266320073301,-0.4506847849535849,0.7124042267034457,0.4007578951794743,3.3125,-9.125,8.125,-0.037109375,1.04931640625,-0.47802734375
1969/12/31/18:00:08.229,37,1730347594,901268312,RL_myo,-0.3611957169064098,-0.4450556214399357,0.7119547208031886,0.4056890723685207,-38.6875,-11.5,24.8125,0.03173828125,0.8955078125,-0.40576171875
1969/12/31/18:00:08.242,38,1730347594,917741423,RL_myo,-0.3646834351281264,-0.4404887617271446,0.7113005444323324,0.4086895868816627,-32.9375,-2.0,20.375,0.12841796875,0.8828125,-0.40380859375
1969/12/31/18:00:08.259,39,1730347594,938612619,RL_myo,-0.3665166416840351,-0.4387823708686975,0.7110605954403013,0.4093023478989408,-13.9375,4.1875,12.25,0.10546875,0.8330078125,-0.404296875
1969/12/31/18:00:08.278,40,1730347594,961207684,RL_myo,-0.3643230312771796,-0.4397633507039837,0.7133260624118609,0.4062546651333401,14.5625,1.1875,9.75,0.03466796875,0.7890625,-0.52685546875
1969/12/31/18:00:08.291,41,1730347594,977771113,RL_myo,-0.3617671958999824,-0.4407492697138135,0.7163930450950048,0.4020517157741157,26.0,-1.4375,9.5625,0.1123046875,0.8759765625,-0.51220703125
1969/12/31/18:00:08.309,42,1730347594,998859480,RL_myo,-0.3611471997231381,-0.4408595949975032,0.7184491613893964,0.3988061184706751,17.1875,1.75,8.625,0.1875,0.90478515625,-0.47119140625
1969/12/31/18:00:08.322,43,1730347595,14541590,RL_myo,-0.360595852905683,-0.4406129759861418,0.7200930725425269,0.3966066100509696,8.5625,1.375,11.0625,0.1416015625,0.95556640625,-0.53759765625
1969/12/31/18:00:08.341,44,1730347595,37722692,RL_myo,-0.3595704833725154,-0.4398955141174195,0.7213383080116088,0.3960707633006709,2.1875,-4.3125,9.4375,0.119140625,0.984375,-0.5361328125
1969/12/31/18:00:08.359,45,1730347595,60254696,RL_myo,-0.3576753495205782,-0.4395256300166695,0.7230413294233395,0.3950908766973895,9.4375,-7.9375,5.9375,0.1279296875,0.896484375,-0.4775390625
1969/12/31/18:00:08.377,46,1730347595,81311798,RL_myo,-0.3563963401829754,-0.4389797017633086,0.724633901464683,0.3939342318103996,12.6875,-6.125,8.125,0.12451171875,0.8388671875,-0.37939453125
1969/12/31/18:00:08.390,47,1730347595,97818294,RL_myo,-0.3550941246488498,-0.4390154758678544,0.7252635756621317,0.393911564194513,5.6875,-4.6875,3.1875,0.1015625,0.9228515625,-0.44091796875
1969/12/31/18:00:08.407,48,1730347595,118796421,RL_myo,-0.3519238883884488,-0.4408508924435945,0.7274070242479246,0.3907417158277574,28.1875,-2.25,2.4375,0.0712890625,0.828125,-0.44580078125
1969/12/31/18:00:08.420,49,1730347595,134564589,RL_myo,-0.3500345066963197,-0.4417087576218423,0.7294267462123307,0.3876929706251129,27.5625,-0.75,8.0,0.09130859375,0.87939453125,-0.39453125
1969/12/31/18:00:08.439,50,1730347595,157760004,RL_myo,-0.347222607582883,-0.4428629355987694,0.7314928725401394,0.3850026733402753,21.875,-3.8125,3.625,0.11279296875,0.93017578125,-0.5498046875
1969/12/31/18:00:08.458,51,1730347595,180300863,RL_myo,-0.3447966796049123,-0.4439203842744781,0.7331736086766164,0.3827615467874676,17.0625,-4.6875,-1.0,0.1728515625,0.91015625,-0.564453125
1969/12/31/18:00:08.470,52,1730347595,194595959,RL_myo,-0.3424032883194347,-0.4445139302728063,0.7355262081172029,0.3796953398636726,17.9375,-3.3125,5.6875,0.14306640625,0.86474609375,-0.59765625
1969/12/31/18:00:08.495,53,1730347595,225254716,RL_myo,-0.3401519961357354,-0.4439737340555068,0.7377385927314973,0.3780551702969218,12.8125,-8.8125,9.0625,0.12646484375,0.8828125,-0.552734375
1969/12/31/18:00:08.507,54,1730347595,240207494,RL_myo,-0.3388048523354217,-0.4424421499872946,0.7395601505581526,0.3775009929192188,4.0625,-10.5625,9.125,0.17431640625,0.90234375,-0.55224609375
1969/12/31/18:00:08.520,55,1730347595,255232414,RL_myo,-0.3381358098798216,-0.4414686485308213,0.7406639084641943,0.3770763598262704,2.75,-6.0625,6.0625,0.17626953125,0.876953125,-0.5166015625
1969/12/31/18:00:08.538,56,1730347595,277804690,RL_myo,-0.338141090505921,-0.4405599984245015,0.7409196205146887,0.377631575263562,-5.0,-1.9375,6.1875,0.1318359375,0.8955078125,-0.5322265625
1969/12/31/18:00:08.557,57,1730347595,300303017,RL_myo,-0.3386265828284149,-0.4389083916941478,0.7415238563054097,0.3779336338993412,-4.4375,-1.9375,11.75,0.13818359375,0.92333984375,-0.525390625
1969/12/31/18:00:08.569,58,1730347595,315296697,RL_myo,-0.3388137873548719,-0.4378150417395957,0.74208215216367,0.3779382041616586,-0.5,-0.9375,10.375,0.11767578125,0.921875,-0.5029296875
1969/12/31/18:00:08.587,59,1730347595,337796244,RL_myo,-0.3377075484666003,-0.437561072647218,0.7425537745607553,0.3782959308505311,1.875,-2.5625,6.5,0.0625,0.9287109375,-0.525390625
1969/12/31/18:00:08.606,60,1730347595,360239022,RL_myo,-0.3370277472573492,-0.4372449803244567,0.7430845387284003,0.3782254526899299,1.625,-1.25,6.6875,0.08935546875,0.890625,-0.51953125
1969/12/31/18:00:08.618,61,1730347595,374581352,RL_myo,-0.3374180324836494,-0.4364216592362687,0.7436258845420226,0.3777641467151422,0.1875,2.3125,10.625,0.111328125,0.9052734375,-0.52001953125
1969/12/31/18:00:08.636,62,1730347595,397772626,RL_myo,-0.3366104504250238,-0.4362813235971115,0.7441440818824824,0.3776262659618535,0.5,-0.75,6.3125,0.0830078125,0.89990234375,-0.56103515625
1969/12/31/18:00:08.655,63,1730347595,420258685,RL_myo,-0.3344169488008082,-0.4365914281387444,0.7447628416257459,0.3779967446474548,3.4375,-6.125,1.625,0.0615234375,0.9052734375,-0.5634765625
1969/12/31/18:00:08.667,64,1730347595,434629798,RL_myo,-0.332342354959754,-0.4366532979581415,0.7453135897912868,0.3786688650450531,2.4375,-7.8125,1.125,0.09228515625,0.974609375,-0.57568359375
1969/12/31/18:00:08.686,65,1730347595,457796125,RL_myo,-0.3294165913960644,-0.4367196056028981,0.745139475220151,0.3814811369696874,-5.5,-13.875,-3.5,0.05029296875,1.05810546875,-0.619140625
1969/12/31/18:00:08.706,66,1730347595,481695098,RL_myo,-0.325863179433398,-0.438044584902322,0.744803966777628,0.3836628480835999,0.5,-13.6875,-12.625,0.07861328125,1.00830078125,-0.59375
1969/12/31/18:00:08.722,67,1730347595,501282913,RL_myo,-0.3242178658874547,-0.4396960666139352,0.7432841059445451,0.3861073455579891,-1.625,-7.4375,-18.6875,0.1748046875,1.08837890625,-0.5390625
1969/12/31/18:00:08.735,68,1730347595,517738385,RL_myo,-0.3227498790473664,-0.442438327007254,0.7416289297096349,0.3873853030093863,2.0,-1.1875,-22.125,0.181640625,1.08349609375,-0.5810546875
1969/12/31/18:00:08.754,69,1730347595,540378055,RL_myo,-0.3202510472841803,-0.4467157261431134,0.7394399538494083,0.3887324033072126,7.375,0.8125,-28.875,0.1123046875,1.126953125,-0.58447265625
1969/12/31/18:00:08.771,70,1730347595,561278010,RL_myo,-0.3151860083199737,-0.4539191215870729,0.7364512735067396,0.390198325172268,15.5,0.3125,-44.375,0.0244140625,1.14404296875,-0.62451171875
1969/12/31/18:00:08.784,71,1730347595,577882412,RL_myo,-0.3095158981505622,-0.4613746152869453,0.7331089435390263,0.3922813404483658,16.125,-4.5,-52.25,0.041015625,1.1181640625,-0.580078125
1969/12/31/18:00:08.803,72,1730347595,600291439,RL_myo,-0.303765041605928,-0.4678848320174893,0.7293534754251236,0.3960480922203872,6.625,-11.125,-52.9375,0.02783203125,1.0673828125,-0.55322265625
1969/12/31/18:00:08.821,73,1730347595,621326919,RL_myo,-0.2969469863209784,-0.4751151781135655,0.7247581738078721,0.4010157656996564,2.8125,-14.625,-61.25,-0.025390625,1.04736328125,-0.55517578125
1969/12/31/18:00:08.834,74,1730347595,637730011,RL_myo,-0.2891239902190193,-0.4833381630872734,0.7192394132870855,0.4067999566835051,1.4375,-16.75,-71.6875,-0.06787109375,0.98876953125,-0.5302734375
1969/12/31/18:00:08.853,75,1730347595,660322588,RL_myo,-0.2815018831081121,-0.4917737797489286,0.7123609015079739,0.414073888769608,-6.75,-16.9375,-77.375,-0.1064453125,0.9453125,-0.47802734375
1969/12/31/18:00:08.876,76,1730347595,688784344,RL_myo,-0.2752740892365379,-0.4995827983150915,0.7041157191646787,0.4229211007361355,-22.5625,-15.3125,-78.625,-0.126953125,0.9208984375,-0.4658203125
1969/12/31/18:00:08.883,77,1730347595,697773510,RL_myo,-0.2699636402620982,-0.5069676681024163,0.69520367682236,0.4321981769604153,-26.875,-13.0,-77.75,-0.14501953125,0.85205078125,-0.3857421875
1969/12/31/18:00:08.902,78,1730347595,720343476,RL_myo,-0.264159136755997,-0.514890590959702,0.686154578422116,0.4407941972393276,-25.25,-9.875,-77.625,-0.21435546875,0.8349609375,-0.41015625
1969/12/31/18:00:08.919,79,1730347595,741344576,RL_myo,-0.2578086444546871,-0.5226362269094428,0.6773580341283424,0.4489678950304637,-20.75,-11.8125,-76.875,-0.24267578125,0.81982421875,-0.3798828125
1969/12/31/18:00:08.932,80,1730347595,757460020,RL_myo,-0.2532364222201548,-0.5291780623400199,0.6690104661256007,0.4563626726777772,-23.1875,-8.8125,-70.375,-0.171875,0.78466796875,-0.353515625
1969/12/31/18:00:08.952,81,1730347595,781654039,RL_myo,-0.2493249417311031,-0.5353925064541584,0.6608789397954431,0.4630669113620268,-23.25,-5.0,-65.0,-0.193359375,0.72412109375,-0.318359375
1969/12/31/18:00:08.969,82,1730347595,802830611,RL_myo,-0.2448837219526283,-0.541893739654894,0.6519449237726878,0.4704794937215502,-28.5625,-6.25,-68.4375,-0.25732421875,0.7314453125,-0.35791015625
1969/12/31/18:00:08.982,83,1730347595,817793322,RL_myo,-0.2412818143087032,-0.5475076838727722,0.643031599732403,0.478046842819571,-36.1875,-8.0,-64.5,-0.24853515625,0.71923828125,-0.3974609375
1969/12/31/18:00:09.001,84,1730347595,840236561,RL_myo,-0.2414590814059606,-0.5513397073660371,0.6341047514475544,0.4854206457081914,-50.0,-1.5625,-54.625,-0.13037109375,0.67822265625,-0.36669921875
1969/12/31/18:00:09.018,85,1730347595,861191176,RL_myo,-0.2435851182171651,-0.5540020340910067,0.6243127472421404,0.4939449666077468,-58.25,2.5625,-46.4375,-0.20166015625,0.73193359375,-0.27490234375
1969/12/31/18:00:09.031,86,1730347595,877665142,RL_myo,-0.2446249781269498,-0.5565096184035749,0.6144310515978053,0.5029216117180805,-62.75,-1.4375,-42.125,-0.32666015625,0.68115234375,-0.33203125
1969/12/31/18:00:09.050,87,1730347595,900217606,RL_myo,-0.2471933267028764,-0.557314139783695,0.6069359112921984,0.5098286069010189,-56.8125,-1.4375,-29.1875,-0.189453125,0.63623046875,-0.314453125
1969/12/31/18:00:09.067,88,1730347595,921242718,RL_myo,-0.2508619788486541,-0.5574507184488462,0.6014583794585493,0.514358612106474,-43.75,5.625,-15.25,-0.16552734375,0.634765625,-0.25244140625
1969/12/31/18:00:09.080,89,1730347595,937750119,RL_myo,-0.2531727713365174,-0.5576758948172034,0.5981420344980402,0.5168435457274903,-27.9375,5.8125,-5.3125,-0.2373046875,0.64306640625,-0.27880859375
1969/12/31/18:00:09.099,90,1730347595,960193197,RL_myo,-0.255436929655895,-0.557688704006192,0.5977895553285152,0.5161229814026879,-13.125,7.625,4.25,-0.16748046875,0.6708984375,-0.36865234375
1969/12/31/18:00:09.117,91,1730347595,981212313,RL_myo,-0.2581126084920221,-0.5577893423997612,0.5996586376056082,0.5125021455444572,2.9375,13.875,12.3125,-0.0908203125,0.66650390625,-0.35107421875
1969/12/31/18:00:09.130,92,1730347595,997138288,RL_myo,-0.2614752430090742,-0.5576795740835462,0.602235346118239,0.5078747658913415,6.5,18.4375,19.9375,-0.12060546875,0.7353515625,-0.37890625
1969/12/31/18:00:09.149,93,1730347596,20286406,RL_myo,-0.2644674044451301,-0.5566449869696715,0.6051072807913731,0.5040322699995117,3.0,12.0625,24.625,-0.18212890625,0.8330078125,-0.4423828125
1969/12/31/18:00:09.166,94,1730347596,41313108,RL_myo,-0.2678849723515236,-0.5545078545941199,0.6077918784863231,0.5013459017761256,-5.625,6.125,25.125,-0.142578125,0.87060546875,-0.47509765625
1969/12/31/18:00:09.179,95,1730347596,57103812,RL_myo,-0.2740552611013694,-0.5511013257203262,0.609635623135964,0.4995252242435651,-18.4375,9.125,27.3125,-0.04443359375,0.8779296875,-0.4189453125
1969/12/31/18:00:09.198,96,1730347596,80320144,RL_myo,-0.2812585897487725,-0.5472579244113487,0.6106143515292363,0.4985503821762096,-26.375,11.9375,30.6875,-0.06494140625,0.861328125,-0.38427734375
1969/12/31/18:00:09.216,97,1730347596,102719396,RL_myo,-0.2879134538007067,-0.5434770813316712,0.6123272776189718,0.4967834641687412,-21.75,12.25,35.8125,-0.10400390625,0.86083984375,-0.40869140625
1969/12/31/18:00:09.227,98,1730347596,117082562,RL_myo,-0.2932744665853485,-0.5402231641512841,0.6149913684316279,0.4938973951318711,-10.125,10.0625,32.4375,-0.0546875,0.89208984375,-0.41552734375
1969/12/31/18:00:09.247,99,1730347596,140802701,RL_myo,-0.2988282841908038,-0.5371706963160263,0.6171878287862353,0.4911501639876222,-8.1875,12.625,30.1875,-0.05712890625,1.01611328125,-0.39892578125
1969/12/31/18:00:09.265,100,1730347596,162783601,RL_myo,-0.3044443285021661,-0.5341203525907089,0.618349136338301,0.4895645466952435,-18.25,12.625,30.5,-0.12255859375,0.99853515625,-0.42578125
1969/12/31/18:00:09.277,101,1730347596,177123153,RL_myo,-0.309999435210999,-0.5308870028480546,0.6191443730616999,0.4885893835132993,-22.6875,10.3125,28.3125,-0.09765625,0.98583984375,-0.43603515625
1969/12/31/18:00:09.301,102,1730347596,206383080,RL_myo,-0.3162257638979633,-0.5271039754917606,0.6197561101370237,0.4879190806022619,-21.875,10.25,27.4375,-0.03125,0.99951171875,-0.35107421875
1969/12/31/18:00:09.315,103,1730347596,222807806,RL_myo,-0.3223816725276942,-0.5239770273855083,0.6203497386542,0.4865021415596839,-20.5625,14.5,28.5,-0.05517578125,0.9580078125,-0.36767578125
1969/12/31/18:00:09.326,104,1730347596,237119600,RL_myo,-0.3280755494497671,-0.5210144911819928,0.6211767193954009,0.4848193654473488,-16.875,14.5,29.6875,-0.0634765625,0.974609375,-0.36279296875
1969/12/31/18:00:09.346,105,1730347596,260204467,RL_myo,-0.3333231786581873,-0.5186315782930996,0.6220893310536979,0.4826197351492926,-12.0625,16.0,28.0625,-0.06689453125,1.0400390625,-0.3759765625
1969/12/31/18:00:09.364,106,1730347596,282768186,RL_myo,-0.3378405174156,-0.5168013840935657,0.6226397684112983,0.480728439957591,-8.0625,15.75,24.0,-0.080078125,1.02197265625,-0.326171875
1969/12/31/18:00:09.376,107,1730347596,297120100,RL_myo,-0.3426399528729053,-0.5145092274169204,0.6225988883606175,0.4798424135174173,-14.125,13.5625,23.625,-0.083984375,1.0634765625,-0.3193359375
1969/12/31/18:00:09.406,108,1730347596,333733010,RL_myo,-0.3468750291227693,-0.511980950955796,0.6232519659286639,0.4786545800423644,-14.25,10.5625,25.625,-0.07666015625,1.03369140625,-0.3671875
1969/12/31/18:00:09.413,109,1730347596,342529201,RL_myo,-0.3507651287649544,-0.5096989020908533,0.6237113016963753,0.4776558026299866,-10.25,9.75,23.25,-0.06884765625,1.0302734375,-0.30810546875
1969/12/31/18:00:09.431,110,1730347596,363631885,RL_myo,-0.3535189101733971,-0.5078782547570506,0.6243344150835081,0.4767500358018654,-6.3125,7.125,20.0,-0.0810546875,1.0341796875,-0.31494140625
1969/12/31/18:00:09.444,111,1730347596,380070924,RL_myo,-0.3556551021963581,-0.506047100104686,0.625677098440856,0.4753461362459649,-2.6875,4.0625,18.9375,-0.0380859375,1.00732421875,-0.330078125
1969/12/31/18:00:09.463,112,1730347596,402545393,RL_myo,-0.3585077342162339,-0.5042544943981144,0.6269918204976797,0.4733718056828583,-2.5,7.5,19.8125,0.00439453125,1.00927734375,-0.33056640625
1969/12/31/18:00:09.481,113,1730347596,423814101,RL_myo,-0.3604222153826621,-0.5030651819109063,0.6280685175762225,0.4717533112095844,0.625,7.0,18.6875,-0.0625,1.009765625,-0.31396484375
1969/12/31/18:00:09.494,114,1730347596,440260905,RL_myo,-0.3610895614656926,-0.5020829500704509,0.6295263247054013,0.4703441786096395,2.0625,1.375,15.5,-0.0654296875,1.01416015625,-0.35791015625
1969/12/31/18:00:09.512,115,1730347596,462742373,RL_myo,-0.3615007243792705,-0.5004737362670973,0.6312682749037303,0.4694077445890544,0.5625,-3.875,13.3125,-0.00732421875,1.02294921875,-0.365234375
1969/12/31/18:00:09.530,116,1730347596,483897016,RL_myo,-0.362256452001703,-0.4981865478075652,0.6325296734782895,0.4695600480621906,-7.0,-6.375,13.5625,-0.01123046875,1.0419921875,-0.36767578125
1969/12/31/18:00:09.543,117,1730347596,500265285,RL_myo,-0.3635948677782755,-0.495250756614559,0.6332544490850444,0.4706530175320266,-15.8125,-7.625,14.3125,-0.01123046875,1.0234375,-0.36669921875
1969/12/31/18:00:09.568,118,1730347596,530297922,RL_myo,-0.3656173788017974,-0.4922101072884298,0.633635059990227,0.4717623907778118,-18.4375,-5.4375,13.25,0.0283203125,0.982421875,-0.34423828125
1969/12/31/18:00:09.578,119,1730347596,543698153,RL_myo,-0.3672409752281708,-0.4895529104711913,0.6339591174497275,0.4728296219199999,-14.8125,-5.0625,12.375,0.005859375,0.98486328125,-0.3154296875
1969/12/31/18:00:09.592,120,1730347596,560307947,RL_myo,-0.3678006076577836,-0.4875524815749048,0.6348924528470404,0.4732091123748418,-7.875,-6.75,10.375,0.0107421875,0.97998046875,-0.3349609375
1969/12/31/18:00:09.611,121,1730347596,582760785,RL_myo,-0.3673773232403337,-0.4864590905840603,0.6364252117340021,0.4726038567619046,2.6875,-5.875,8.1875,0.009765625,0.9833984375,-0.32666015625
1969/12/31/18:00:09.628,122,1730347596,603734538,RL_myo,-0.3667030021146066,-0.4860279636881845,0.6378239633984086,0.4716845539849667,5.8125,-3.625,6.6875,-0.00830078125,0.99462890625,-0.3291015625
1969/12/31/18:00:09.642,123,1730347596,620175932,RL_myo,-0.3664593538544778,-0.4851130820178863,0.6392896855882412,0.4708306888130316,3.0625,-4.5,8.375,0.0146484375,0.98876953125,-0.33984375
1969/12/31/18:00:09.661,124,1730347596,643440211,RL_myo,-0.3664010486429954,-0.4837128619849639,0.6405151764883547,0.4706510888032879,-2.5625,-6.3125,6.9375,0.04052734375,0.96533203125,-0.34326171875
1969/12/31/18:00:09.677,125,1730347596,663765849,RL_myo,-0.3668268201602557,-0.4821850048695541,0.6412450203999412,0.4708933307048873,-3.8125,-5.3125,6.3125,0.04443359375,0.94482421875,-0.29443359375
1969/12/31/18:00:09.691,126,1730347596,680234353,RL_myo,-0.3671229425050223,-0.481135520493282,0.6419616141758645,0.4707596434815025,-2.875,-2.6875,7.125,0.009765625,0.89990234375,-0.30419921875
1969/12/31/18:00:09.709,127,1730347596,702792433,RL_myo,-0.3676235062322581,-0.4801139797481226,0.6431427669216843,0.469798792540211,2.6875,-0.5625,11.375,0.0107421875,0.91015625,-0.2783203125
1969/12/31/18:00:09.728,128,1730347596,725322037,RL_myo,-0.3701298213465805,-0.4798137410299257,0.6429052454227462,0.468460814451683,15.1875,8.9375,-0.375,0.1904296875,1.45166015625,-0.16357421875
1969/12/31/18:00:09.740,129,1730347596,739544788,RL_myo,-0.3692007262744899,-0.4837634247729555,0.6411116595779869,0.4675891492790325,6.3125,15.75,-13.0625,-0.08740234375,0.9716796875,-0.34228515625
1969/12/31/18:00:09.758,130,1730347596,762746462,RL_myo,-0.3685928087251744,-0.4846821483832771,0.6417872799710563,0.4661884207721282,13.625,3.75,3.9375,-0.03662109375,0.94873046875,-0.2470703125
1969/12/31/18:00:09.776,131,1730347596,783901360,RL_myo,-0.3670087956204887,-0.485845669905054,0.6428299743015112,0.4647882884832898,17.9375,-1.0625,-2.8125,0.0185546875,0.884765625,-0.22998046875
1969/12/31/18:00:09.790,132,1730347596,800395447,RL_myo,-0.3645525401652714,-0.487229688287186,0.6445127781927451,0.4629383922909064,23.875,-3.6875,-1.8125,0.00048828125,0.9560546875,-0.26123046875
1969/12/31/18:00:09.808,133,1730347596,822872039,RL_myo,-0.3621298301480573,-0.4884754813205633,0.6457056250019042,0.4618635470639389,20.6875,-4.5625,-3.5,-0.01025390625,1.04931640625,-0.28125
1969/12/31/18:00:09.825,134,1730347596,843788956,RL_myo,-0.3611464180515276,-0.4895038487025944,0.6458765245599569,0.4613054973184799,8.375,1.0625,-2.625,-0.01953125,1.00537109375,-0.31787109375
1969/12/31/18:00:09.839,135,1730347596,860360892,RL_myo,-0.3601733068197307,-0.4900578682351497,0.6464320441497658,0.4606995627648412,0.5,-0.5,1.6875,-0.03759765625,0.94482421875,-0.41748046875
1969/12/31/18:00:09.857,136,1730347596,882771462,RL_myo,-0.360466329841776,-0.4891258326027756,0.6468985150682329,0.4608060938546239,-4.25,-3.1875,3.25,0.044921875,0.994140625,-0.365234375
1969/12/31/18:00:09.874,137,1730347596,903767028,RL_myo,-0.3619428364530599,-0.4879819523511322,0.6464921625144706,0.4614313395590443,-15.8125,0.4375,2.0,0.0732421875,0.9794921875,-0.40576171875
1969/12/31/18:00:09.888,138,1730347596,919610528,RL_myo,-0.364073686431851,-0.4862046917210604,0.6461163528193755,0.4621569075711611,-20.0625,0.4375,5.1875,0.08740234375,0.95654296875,-0.41259765625
1969/12/31/18:00:09.906,139,1730347596,942888388,RL_myo,-0.3682218528354351,-0.4833941777650665,0.6443424664982079,0.4642903422044016,-39.3125,3.0,3.0,0.1591796875,1.001953125,-0.4501953125
1969/12/31/18:00:09.924,140,1730347596,963545503,RL_myo,-0.3750641796196794,-0.4800455285124131,0.6401420855738321,0.4680825375920784,-59.9375,12.0625,1.0625,0.18701171875,1.12646484375,-0.45703125
1969/12/31/18:00:09.937,141,1730347596,979534935,RL_myo,-0.383793490437033,-0.4766900700243682,0.632758765165509,0.4744317431881452,-85.0,19.625,-5.75,0.14404296875,1.1064453125,-0.45166015625
1969/12/31/18:00:09.956,142,1730347597,2792619,RL_myo,-0.3931312411425053,-0.4738204975918753,0.6249450051324502,0.4799851079560102,-92.0625,26.1875,-8.4375,0.19677734375,1.1171875,-0.53173828125
1969/12/31/18:00:09.974,143,1730347597,25093615,RL_myo,-0.4036813705958862,-0.4727722855512148,0.6119306654965763,0.4889463955010046,-103.9375,39.1875,-26.8125,0.2841796875,1.16552734375,-0.52978515625
1969/12/31/18:00:09.993,144,1730347597,47717419,RL_myo,-0.4145655071449189,-0.4743210477065909,0.5993865253479247,0.4938529915061159,-97.1875,54.0,-44.9375,0.3876953125,1.1552734375,-0.46533203125
1969/12/31/18:00:10.005,145,1730347597,62833625,RL_myo,-0.4272551208846907,-0.4789529905117382,0.5835084222368061,0.4975691064931426,-94.0,80.0,-62.75,0.4677734375,1.14599609375,-0.33935546875
1969/12/31/18:00:10.023,146,1730347597,85101578,RL_myo,-0.4385935547170164,-0.4901066301666632,0.5629817629710213,0.5004824865960944,-74.875,110.875,-76.5,0.4638671875,1.0625,-0.2568359375
1969/12/31/18:00:10.036,147,1730347597,99481189,RL_myo,-0.4475677204187289,-0.507137622931845,0.5422936309723724,0.4984096556578945,-37.1875,134.625,-90.1875,0.46044921875,0.9560546875,-0.21142578125
1969/12/31/18:00:10.054,148,1730347597,122801789,RL_myo,-0.4527017727237673,-0.5290574310327106,0.5224045399410442,0.4921918693871457,1.875,146.8125,-104.125,0.47412109375,0.82421875,-0.1875
1969/12/31/18:00:10.073,149,1730347597,145250198,RL_myo,-0.4526899037762319,-0.5552882222672453,0.5046299210491958,0.4817421343542939,47.625,150.6875,-114.75,0.49072265625,0.71875,-0.169921875
1969/12/31/18:00:10.085,150,1730347597,159633049,RL_myo,-0.448194679260213,-0.5840020007029441,0.4884180612066218,0.4685199997278217,82.0,148.9375,-121.8125,0.44873046875,0.759765625,-0.11767578125
1969/12/31/18:00:10.104,151,1730347597,182767115,RL_myo,-0.4410441729141007,-0.6129207838919734,0.4716841085358663,0.4553265333433699,91.1875,143.6875,-129.1875,0.30224609375,0.7744140625,-0.08984375
1969/12/31/18:00:10.123,152,1730347597,205252133,RL_myo,-0.4332133334210296,-0.6401157285037699,0.453659440309737,0.4435889697526124,82.125,135.875,-132.5625,0.14697265625,0.75927734375,-0.09521484375
1969/12/31/18:00:10.140,153,1730347597,226393243,RL_myo,-0.4257147046321307,-0.6640539048598684,0.4350529626692226,0.4341984815416455,66.0,121.1875,-129.8125,0.05078125,0.7470703125,-0.09423828125
1969/12/31/18:00:10.153,154,1730347597,242567585,RL_myo,-0.419128403135688,-0.6841430421942518,0.4163207860475503,0.427734359862371,46.3125,104.0625,-124.3125,-0.06005859375,0.74072265625,-0.0380859375
1969/12/31/18:00:10.172,155,1730347597,265280570,RL_myo,-0.4151636251739792,-0.7002605515467603,0.3979516077821735,0.4229761720752243,23.6875,93.8125,-108.0625,-0.21923828125,0.60595703125,-0.01318359375
1969/12/31/18:00:10.183,156,1730347597,279582557,RL_myo,-0.412357495812431,-0.7127143988457307,0.3816565158844184,0.4199259282400126,16.9375,81.3125,-81.375,-0.35302734375,0.52001953125,-0.0400390625
1969/12/31/18:00:10.202,157,1730347597,302883140,RL_myo,-0.4118468314693327,-0.720365760496819,0.3685138068185879,0.4191096905305139,-1.125,58.9375,-56.5,-0.3818359375,0.5078125,-0.04541015625
1969/12/31/18:00:10.221,158,1730347597,325299079,RL_myo,-0.4129549893080202,-0.7225796805228571,0.3579634957569522,0.4233307428082217,-27.875,21.0625,-43.25,-0.36669921875,0.48779296875,-0.072265625
1969/12/31/18:00:10.239,159,1730347597,346359172,RL_myo,-0.4158242630909417,-0.720139509791578,0.3485648563793289,0.4324254959634995,-52.3125,-6.125,-27.875,-0.49609375,0.45751953125,-0.03173828125
1969/12/31/18:00:10.253,160,1730347597,363273291,RL_myo,-0.4190596100745778,-0.7131825726363883,0.3410581271623567,0.4465859549833507,-69.3125,-36.8125,-3.4375,-0.79736328125,0.4345703125,0.00439453125
1969/12/31/18:00:10.271,161,1730347597,385259443,RL_myo,-0.4205245958390762,-0.7001826071793733,0.3377013916948633,0.4678259836148794,-79.4375,-95.375,7.25,-0.8427734375,0.39208984375,0.04638671875
1969/12/31/18:00:10.288,162,1730347597,406424614,RL_myo,-0.4217631983270437,-0.6792157555692248,0.3411948304845404,0.4943357660276016,-94.375,-165.6875,2.8125,-0.7060546875,0.3583984375,0.1396484375
1969/12/31/18:00:10.301,163,1730347597,422682698,RL_myo,-0.4262102950263148,-0.6484402369124401,0.3451552654122599,0.5279563299409457,-144.25,-216.8125,15.4375,-0.70263671875,0.3857421875,0.13134765625
1969/12/31/18:00:10.320,164,1730347597,445750942,RL_myo,-0.4336416445504417,-0.6124082000589911,0.35167391356786,0.5596754230158411,-154.9375,-226.4375,50.8125,-0.87744140625,0.57470703125,0.263671875
1969/12/31/18:00:10.337,165,1730347597,466330268,RL_myo,-0.4391485586127325,-0.5708626085760788,0.3616948378511539,0.591980801943696,-149.75,-259.0,66.4375,-0.81787109375,0.5302734375,0.46142578125
1969/12/31/18:00:10.350,166,1730347597,482771731,RL_myo,-0.445450287896535,-0.5244325669508125,0.364148591064775,0.6276466580487902,-198.4375,-266.75,42.5625,-0.64306640625,0.69287109375,0.46044921875
1969/12/31/18:00:10.369,167,1730347597,505272214,RL_myo,-0.4533724408335004,-0.4720493345996623,0.3638942504374434,0.662724550696035,-229.1875,-277.75,54.5,-0.697265625,0.8251953125,0.47119140625
1969/12/31/18:00:10.386,168,1730347597,526392816,RL_myo,-0.4605222390973089,-0.4166978563707526,0.3668918726592344,0.6925839426159264,-212.1875,-287.25,82.0625,-0.7607421875,0.78125,0.50146484375
1969/12/31/18:00:10.406,169,1730347597,550350153,RL_myo,-0.4670586205578887,-0.3601209959868718,0.3664688915093523,0.7196316174042744,-222.5,-279.9375,83.5,-0.86962890625,0.7578125,0.5322265625
1969/12/31/18:00:10.418,170,1730347597,565159742,RL_myo,-0.4706447706293454,-0.3007829632552736,0.3687765146080282,0.7429851890638078,-207.125,-297.0,90.0,-0.6552734375,0.8779296875,0.54931640625
1969/12/31/18:00:10.436,171,1730347597,586262539,RL_myo,-0.4722923008099438,-0.241944518016363,0.3708513853348693,0.7621496459309599,-195.5,-291.3125,90.3125,-0.521484375,0.9560546875,0.60693359375
1969/12/31/18:00:10.449,172,1730347597,602805911,RL_myo,-0.4745604145857222,-0.1848801923832993,0.37519265189176,0.7744948039457529,-167.3125,-280.1875,111.5,-0.50341796875,0.97509765625,0.6962890625
1969/12/31/18:00:10.467,173,1730347597,625236263,RL_myo,-0.4776814427010953,-0.1312922033286552,0.3825846259711813,0.7798793500372981,-130.25,-263.4375,129.9375,-0.38818359375,0.91650390625,0.68603515625
1969/12/31/18:00:10.485,174,1730347597,646337848,RL_myo,-0.4793229966561015,-0.0826440006968498,0.3930167802710604,0.7803571262254244,-92.0,-248.0625,126.875,-0.1884765625,0.92724609375,0.67138671875
1969/12/31/18:00:10.498,175,1730347597,662808447,RL_myo,-0.4793877260751743,-0.0412612812359075,0.4082181196830616,0.7757853321129954,-39.125,-227.9375,117.9375,0.04296875,0.951171875,0.6328125
1969/12/31/18:00:10.517,176,1730347597,685325900,RL_myo,-0.4835229215112776,-0.0074463262338267,0.4255392336249214,0.7648963964124377,4.8125,-186.5,134.375,0.376953125,1.0419921875,0.6689453125
1969/12/31/18:00:10.540,177,1730347597,713783921,RL_myo,-0.4934825500672348,0.0279548556500672,0.4294549440040895,0.755818728198215,-64.125,-143.625,161.0,0.42626953125,1.2783203125,0.8525390625
1969/12/31/18:00:10.548,178,1730347597,722751908,RL_myo,-0.5016690734212206,0.0700713099267016,0.4072437106541408,0.7599807316179118,-233.375,-102.9375,141.25,0.24462890625,1.39501953125,0.76171875
1969/12/31/18:00:10.567,179,1730347597,745259794,RL_myo,-0.5119851549441449,0.1138965544975887,0.3886277398103684,0.7575402668111328,-198.4375,-113.6875,162.0625,0.6884765625,0.60546875,0.73974609375
1969/12/31/18:00:10.584,180,1730347597,766366942,RL_myo,-0.5230845487636531,0.1426427760164127,0.3837377547347826,0.7475165074338926,-67.875,-92.625,137.8125,0.9482421875,-0.0068359375,1.0732421875
1969/12/31/18:00:10.597,181,1730347597,782742812,RL_myo,-0.5412660375899243,0.1476457538261193,0.3976486507553401,0.7260215964289749,112.1875,-42.0625,137.5625,0.8564453125,0.140625,0.990234375
1969/12/31/18:00:10.616,182,1730347597,805629298,RL_myo,-0.5589863006204593,0.1341005571591121,0.4230546024896706,0.7004114216662776,221.6875,-4.875,100.8125,0.89990234375,0.61865234375,0.896484375
1969/12/31/18:00:10.633,183,1730347597,826353215,RL_myo,-0.563720020618678,0.1059569029660053,0.4574579422409042,0.6795035718436273,286.125,-5.25,-9.25,0.32666015625,0.2099609375,0.60986328125
1969/12/31/18:00:10.646,184,1730347597,842110835,RL_myo,-0.5736017165999084,0.0875844289551892,0.476984189745508,0.6601485599855936,192.125,22.5,40.9375,0.77294921875,0.61572265625,0.61572265625
1969/12/31/18:00:10.665,185,1730347597,865195817,RL_myo,-0.5794584675677306,0.0808092491109832,0.486991690828199,0.6484881206980342,88.375,13.0625,34.6875,0.75732421875,0.55712890625,0.3603515625
1969/12/31/18:00:10.688,186,1730347597,893945190,RL_myo,-0.5865060406102679,0.0825222361229141,0.488724515263442,0.6405849616198107,27.75,10.375,47.6875,0.68603515625,0.34716796875,0.3798828125
1969/12/31/18:00:10.696,187,1730347597,902047311,RL_myo,-0.5935206779287795,0.0887473329605558,0.4860961208375977,0.6352697671619434,-3.0625,6.0,46.75,0.6591796875,0.17138671875,0.42822265625
1969/12/31/18:00:10.714,188,1730347597,925282387,RL_myo,-0.5983891968455823,0.0951538920728542,0.4844974953651808,0.6309819988769513,-6.0,-2.9375,37.8125,0.7158203125,0.24365234375,0.45751953125
1969/12/31/18:00:10.732,189,1730347597,946325287,RL_myo,-0.6004703520720844,0.0986949135292295,0.4857230190881935,0.6275092183017992,3.75,-7.75,22.0,0.79296875,0.42236328125,0.4609375
1969/12/31/18:00:10.745,190,1730347597,962120001,RL_myo,-0.6010351320894782,0.1010168725102149,0.4861017357530827,0.6263046095633327,-1.5625,-4.75,6.375,0.81787109375,0.4375,0.50244140625
1969/12/31/18:00:10.765,191,1730347597,986722375,RL_myo,-0.6006598313475678,0.1032126587550795,0.4849346976990576,0.6272106927067989,-10.0625,-1.5625,-6.4375,0.79443359375,0.3642578125,0.505859375
1969/12/31/18:00:10.782,192,1730347598,7804657,RL_myo,-0.5996692786656205,0.1044919903384775,0.4840078758084855,0.6286609231812612,-7.4375,-1.0,-13.5625,0.74072265625,0.31787109375,0.48681640625
1969/12/31/18:00:10.799,193,1730347598,28840497,RL_myo,-0.5990593042898276,0.1054075821200746,0.4832147235927218,0.6296989141475446,-6.9375,1.6875,-9.3125,0.7275390625,0.36865234375,0.45703125
1969/12/31/18:00:10.813,194,1730347598,45236406,RL_myo,-0.5983970069214379,0.1061416151607895,0.4824285947273609,0.6308071263293616,-9.75,1.875,-5.125,0.70068359375,0.44140625,0.44287109375
1969/12/31/18:00:10.831,195,1730347598,67825116,RL_myo,-0.5973584990911888,0.1070569947283074,0.4817564762773835,0.6321489705821438,-10.875,-1.0625,-6.0625,0.6943359375,0.462890625,0.4599609375
1969/12/31/18:00:10.836,196,1730347598,73195572,RL_myo,-0.5961429443168316,0.1075462135646828,0.4819437584033686,0.6330699926747391,-4.8125,-4.25,-6.875,0.681640625,0.453125,0.470703125
1969/12/31/18:00:10.848,197,1730347598,88139887,RL_myo,-0.5954030230276971,0.1075448617708664,0.4825480574122986,0.6333061780559083,1.5625,-3.125,-5.4375,0.69140625,0.435546875,0.474609375
1969/12/31/18:00:10.867,198,1730347598,110685623,RL_myo,-0.595243527220709,0.1071828992821539,0.4828723896475624,0.633270261988808,3.125,-0.125,-2.875,0.6650390625,0.4296875,0.478515625
1969/12/31/18:00:10.885,199,1730347598,133245884,RL_myo,-0.5952220879584359,0.1072400747070315,0.4829160336266555,0.6332474530935985,0.0,-0.3125,0.125,0.66455078125,0.43310546875,0.4501953125
1969/12/31/18:00:10.898,200,1730347598,148234721,RL_myo,-0.5953850107613116,0.1079078112789337,0.4825944930896658,0.633225985304829,-2.625,-0.0625,0.875,0.67236328125,0.423828125,0.46826171875
1969/12/31/18:00:10.916,201,1730347598,170693914,RL_myo,-0.5956570737994501,0.1085842744429984,0.4820677906412601,0.6332556758550358,-2.4375,0.1875,0.6875,0.6806640625,0.41064453125,0.48681640625
1969/12/31/18:00:10.937,202,1730347598,196023617,RL_myo,-0.5960793885370573,0.1095599531460186,0.481331359615322,0.633250425565428,-3.75,0.8125,1.25,0.6884765625,0.39501953125,0.48388671875
1969/12/31/18:00:10.947,203,1730347598,208099375,RL_myo,-0.5968165385927278,0.110476368874293,0.4806027229371178,0.6329502459814468,-2.375,1.25,3.0,0.69287109375,0.392578125,0.4912109375
1969/12/31/18:00:10.965,204,1730347598,230537678,RL_myo,-0.5977204225595508,0.1113287093585847,0.4798609172024087,0.6325106442341085,-1.375,2.0,3.75,0.70458984375,0.3896484375,0.4970703125
1969/12/31/18:00:10.985,205,1730347598,254647856,RL_myo,-0.5985907832914633,0.1118199566625839,0.4792022269421105,0.6321001480336896,-1.1875,3.8125,3.6875,0.69580078125,0.40673828125,0.47900390625
1969/12/31/18:00:10.985,1,1730347603,723652400,RL_myo,-0.5700763211811058,0.172792940606393,0.4541689406754399,0.6624848383404415,-14.0,-4.1875,-4.5625,0.669921875,0.3701171875,0.51123046875
1969/12/31/18:00:11.001,2,1730347603,743270378,RL_myo,-0.5692887924702225,0.1738323663509374,0.4535022759787448,0.6633462631678329,-6.375,-4.75,-4.125,0.69873046875,0.3427734375,0.5322265625
1969/12/31/18:00:11.019,3,1730347603,765718948,RL_myo,-0.5687230266039435,0.1734611334630186,0.4534891701724941,0.6639374418756919,0.3125,-1.125,-6.0,0.6962890625,0.36279296875,0.52490234375
1969/12/31/18:00:11.034,4,1730347603,783643322,RL_myo,-0.5680640534058508,0.1725493799267583,0.4539263312753102,0.664440236958858,2.625,-0.1875,-6.375,0.6953125,0.39404296875,0.509765625
1969/12/31/18:00:11.051,5,1730347603,803184805,RL_myo,-0.566980708096186,0.1721267732620566,0.454610002572978,0.6650075158475558,1.125,-2.3125,-7.8125,0.7158203125,0.39306640625,0.49755859375
1969/12/31/18:00:11.070,6,1730347603,827113487,RL_myo,-0.5653826304085925,0.1717571760736024,0.4551504129285193,0.6660931281063338,-1.25,-3.25,-11.25,0.71240234375,0.39111328125,0.49853515625
1969/12/31/18:00:11.084,7,1730347603,843632662,RL_myo,-0.5638567284812458,0.1709637038835212,0.4558218281335726,0.6671307688135978,1.25,-2.6875,-11.8125,0.693359375,0.3857421875,0.50439453125
1969/12/31/18:00:11.100,8,1730347603,863181162,RL_myo,-0.5626972131420573,0.1698650986196274,0.4568595986949018,0.6676803139777595,5.6875,-2.5,-10.375,0.68115234375,0.3837890625,0.50341796875
1969/12/31/18:00:11.118,9,1730347603,885671513,RL_myo,-0.5616726771565935,0.1684041421729017,0.4584572351796538,0.6678179483558238,9.75,-3.75,-9.0625,0.68359375,0.4072265625,0.50830078125
1969/12/31/18:00:11.133,10,1730347603,903667648,RL_myo,-0.560859702088828,0.1663230697782192,0.4611268962108059,0.6671843947690694,17.4375,-4.0,-8.375,0.69775390625,0.41552734375,0.5009765625
1969/12/31/18:00:11.148,11,1730347603,923185033,RL_myo,-0.5600238929234254,0.1633377588515625,0.4649266476727772,0.6659859068869204,25.875,-3.375,-10.875,0.7158203125,0.4296875,0.48291015625
1969/12/31/18:00:11.167,12,1730347603,945567853,RL_myo,-0.5590370800550222,0.1593673781006292,0.4694959296629796,0.664569901478227,32.8125,-3.25,-14.125,0.7255859375,0.44091796875,0.498046875
1969/12/31/18:00:11.182,13,1730347603,963565595,RL_myo,-0.5579891802927335,0.1534439727910667,0.4752856866046287,0.662726593701433,46.1875,-1.5625,-20.3125,0.77490234375,0.46337890625,0.548828125
1969/12/31/18:00:11.199,14,1730347603,983242449,RL_myo,-0.5570758256572663,0.1432515572277423,0.4830391239456125,0.6601656765978955,74.375,6.375,-35.625,0.91845703125,0.4873046875,0.67724609375
1969/12/31/18:00:11.217,15,1730347604,5709723,RL_myo,-0.5554343306166288,0.1229279936111967,0.4951910686035945,0.656633244920186,121.6875,29.6875,-64.625,1.13134765625,0.56298828125,0.82373046875
1969/12/31/18:00:11.231,16,1730347604,23685282,RL_myo,-0.5559282393182557,0.0917391462116094,0.5094788113295433,0.6503530291980693,174.0625,67.75,-79.5625,1.1572265625,0.7158203125,0.88427734375
1969/12/31/18:00:11.248,17,1730347604,43169313,RL_myo,-0.5617198497758591,0.0570081864273228,0.5214356923432755,0.6397856639520324,189.0,102.5625,-51.5625,1.09912109375,1.08935546875,0.77099609375
1969/12/31/18:00:11.266,18,1730347604,65698745,RL_myo,-0.5677611619835368,0.021179652032712,0.522655217164591,0.6356337068261183,130.0,143.125,-64.875,0.80029296875,1.484375,0.67724609375
1969/12/31/18:00:11.281,19,1730347604,83636009,RL_myo,-0.566337946721512,-0.0123289433384788,0.5127497672602029,0.6451333222164439,37.0,150.625,-125.125,0.4873046875,1.58984375,0.46533203125
1969/12/31/18:00:11.297,20,1730347604,103369556,RL_myo,-0.5605508415776895,-0.0437625167041815,0.4941441216695312,0.6630906296711693,-26.5,158.6875,-165.6875,0.41796875,1.45458984375,0.4267578125
1969/12/31/18:00:11.315,21,1730347604,125800508,RL_myo,-0.552909114869752,-0.0779407152763741,0.4711842771602257,0.682789962252778,-36.75,178.25,-191.875,0.39306640625,1.1396484375,0.41259765625
1969/12/31/18:00:11.330,22,1730347604,143735754,RL_myo,-0.5445639684408975,-0.1182879366552857,0.4488593839850213,0.6985580160060605,-1.125,199.0625,-200.0625,0.228515625,0.8017578125,0.3935546875
1969/12/31/18:00:11.347,23,1730347604,163229490,RL_myo,-0.5324660278226518,-0.1661972711784824,0.4348106352829632,0.7069640073670078,78.9375,198.375,-206.3125,0.07568359375,0.62353515625,0.38525390625
1969/12/31/18:00:11.365,24,1730347604,185854863,RL_myo,-0.5142391896312487,-0.2237627144436982,0.4322661057529381,0.7061404373701978,184.0625,193.9375,-213.5,-0.20849609375,0.56982421875,0.27685546875
1969/12/31/18:00:11.379,25,1730347604,203635462,RL_myo,-0.4888851644350671,-0.2866173198735425,0.4342594188458805,0.700186093183407,239.0625,188.6875,-229.3125,-0.59130859375,0.681640625,0.21630859375
1969/12/31/18:00:11.396,26,1730347604,223383181,RL_myo,-0.4613694459988775,-0.3472325411149112,0.4340864532271486,0.6914743291071945,235.6875,185.625,-228.4375,-0.66796875,0.80078125,0.2841796875
1969/12/31/18:00:11.414,27,1730347604,245703043,RL_myo,-0.4375092739394059,-0.4019860600118481,0.4303069728338186,0.6795798348271966,209.0625,188.6875,-199.5,-0.62109375,0.75537109375,0.35302734375
1969/12/31/18:00:11.429,28,1730347604,263674532,RL_myo,-0.4190114652271486,-0.4497125237863992,0.4232839783467262,0.6655965081284858,173.625,189.125,-163.5625,-0.6474609375,0.6796875,0.390625
1969/12/31/18:00:11.446,29,1730347604,284623410,RL_myo,-0.4061387446463104,-0.4909798710452241,0.4161487768257506,0.6486989146529888,150.75,186.5,-118.4375,-0.71923828125,0.55712890625,0.3818359375
1969/12/31/18:00:11.464,30,1730347604,305869428,RL_myo,-0.3982083149720588,-0.5237623468386322,0.4113924038797787,0.6307609943165629,128.0,164.6875,-69.625,-0.78955078125,0.48388671875,0.3154296875
1969/12/31/18:00:11.478,31,1730347604,323680826,RL_myo,-0.3930744293212059,-0.5471303081421257,0.4113243135396904,0.6139651684071444,112.125,123.0625,-25.3125,-0.81005859375,0.46533203125,0.25732421875
1969/12/31/18:00:11.502,32,1730347604,352234316,RL_myo,-0.387330616630401,-0.5611594215726295,0.4168717478073808,0.6010765698985485,102.625,64.6875,3.0,-0.84033203125,0.61181640625,0.2255859375
1969/12/31/18:00:11.519,33,1730347604,373154196,RL_myo,-0.3823215482741615,-0.5626181404839113,0.4220551574578268,0.5993000131711353,61.75,-5.6875,17.0,-0.5927734375,0.89013671875,0.31298828125
1969/12/31/18:00:11.527,34,1730347604,383677337,RL_myo,-0.3771413480739327,-0.563423172693069,0.4345762094653506,0.5928425172102458,86.125,-12.75,29.75,-0.2177734375,0.8076171875,0.12841796875
1969/12/31/18:00:11.545,35,1730347604,404715698,RL_myo,-0.3748800754729079,-0.5620759711869113,0.4472071496239005,0.5861239603982962,76.0625,-11.75,48.4375,-0.11376953125,0.4541015625,0.169921875
1969/12/31/18:00:11.562,36,1730347604,425645967,RL_myo,-0.3778725354624722,-0.5541438781236933,0.4616746661667161,0.5805113365827125,41.0,-30.5625,92.8125,-0.17236328125,0.36865234375,0.0546875
1969/12/31/18:00:11.577,37,1730347604,443563963,RL_myo,-0.380913363403582,-0.5402121742485346,0.4843050053849421,0.5731705489061111,54.875,-63.875,133.3125,-0.046875,0.4912109375,-0.02294921875
1969/12/31/18:00:11.596,38,1730347604,466074793,RL_myo,-0.3801322486789724,-0.5275952404593831,0.5114206987285019,0.5617754041170941,97.625,-67.5625,135.375,0.23779296875,0.61962890625,0.06640625
1969/12/31/18:00:11.611,39,1730347604,485735598,RL_myo,-0.3797651194037907,-0.5170958038554991,0.5363831355384946,0.5483461640507323,99.9375,-49.0,127.5625,0.3134765625,0.55126953125,0.05078125
1969/12/31/18:00:11.626,40,1730347604,503566007,RL_myo,-0.3828764990733735,-0.5023842601423462,0.5607343212158589,0.5353434996608575,73.125,-52.125,151.0,0.1962890625,0.5126953125,-0.20703125
1969/12/31/18:00:11.643,41,1730347604,524662036,RL_myo,-0.3852587988808189,-0.48444218737596,0.5870435880284722,0.5217961773815147,74.1875,-67.125,164.25,0.31982421875,0.54833984375,-0.3037109375
1969/12/31/18:00:11.661,42,1730347604,545682817,RL_myo,-0.3847101283184911,-0.4702826493247619,0.6126186828387586,0.5055004414935338,101.0625,-57.125,144.0,0.525390625,0.60009765625,-0.1650390625
1969/12/31/18:00:11.675,43,1730347604,563507445,RL_myo,-0.380690966459509,-0.461809820784455,0.6363771069916373,0.4866520884370155,124.5,-41.4375,118.5625,0.3330078125,0.70166015625,-0.34326171875
1969/12/31/18:00:11.693,44,1730347604,584730931,RL_myo,-0.3729244420929549,-0.4571528758226239,0.6605828538088463,0.4642939821605741,154.75,-35.875,104.25,0.28955078125,0.81005859375,-0.5283203125
1969/12/31/18:00:11.712,45,1730347604,608623447,RL_myo,-0.3670047643588437,-0.4529423509574222,0.6809088892711228,0.4432987865521839,137.8125,-23.8125,91.875,0.486328125,0.99658203125,-0.501953125
1969/12/31/18:00:11.725,46,1730347604,623606114,RL_myo,-0.3662803958165711,-0.4493511538079647,0.6926428814741624,0.4291480524889704,77.1875,-5.3125,57.5,0.38671875,1.18408203125,-0.49853515625
1969/12/31/18:00:11.744,47,1730347604,646175375,RL_myo,-0.365181682639756,-0.4475810260400018,0.6999061264967544,0.4200535416892529,40.875,0.5625,40.75,0.16943359375,1.04638671875,-0.625
1969/12/31/18:00:11.759,48,1730347604,665840787,RL_myo,-0.3687157064331194,-0.4418362851960522,0.704533255977073,0.4152858246268738,-0.3125,2.9375,50.375,0.22509765625,1.03515625,-0.58154296875
1969/12/31/18:00:11.774,49,1730347604,683810104,RL_myo,-0.3742174091933107,-0.435254337784619,0.7068686700159407,0.4133420804203394,-17.0625,5.8125,46.4375,0.24169921875,1.0458984375,-0.4736328125
1969/12/31/18:00:11.793,50,1730347604,706198335,RL_myo,-0.3759236646000079,-0.4323213697616262,0.7085114302121922,0.4120572592490101,-7.6875,3.25,28.8125,0.08837890625,0.95166015625,-0.49365234375
1969/12/31/18:00:11.809,51,1730347604,725829723,RL_myo,-0.3745117613025359,-0.4303589356167178,0.7127076005100572,0.4081421362174148,12.625,-4.375,30.0,0.0673828125,0.853515625,-0.55908203125
1969/12/31/18:00:11.823,52,1730347604,743678015,RL_myo,-0.3731644537780653,-0.4282785364999483,0.7179479015033337,0.4023389073119081,26.0625,-7.125,27.6875,0.24462890625,0.91455078125,-0.5400390625
1969/12/31/18:00:11.842,53,1730347604,766075947,RL_myo,-0.3660836985430756,-0.4320007366268572,0.7261860362229933,0.3898870734066634,86.25,-5.3125,15.6875,0.1845703125,0.87548828125,-0.57568359375
1969/12/31/18:00:11.858,54,1730347604,785741343,RL_myo,-0.359009777414019,-0.4347546148453005,0.7342549510864755,0.378113833913609,88.8125,-7.75,22.875,0.1318359375,0.9814453125,-0.54052734375
1969/12/31/18:00:11.873,55,1730347604,803612303,RL_myo,-0.3545582458174245,-0.4337219650161161,0.7410993666233722,0.3700613951439223,55.1875,-13.0625,30.8125,0.185546875,0.9423828125,-0.5634765625
1969/12/31/18:00:11.892,56,1730347604,826132056,RL_myo,-0.3522426110282599,-0.430979912748318,0.7474550363285515,0.3626188445882675,35.125,-8.0625,37.5,0.19482421875,0.751953125,-0.6025390625
1969/12/31/18:00:11.914,57,1730347604,853248354,RL_myo,-0.3549741299700004,-0.4266891579470895,0.7482166195499027,0.3634578651945241,-8.375,-2.5625,24.625,0.26611328125,1.0576171875,-0.4560546875
1969/12/31/18:00:11.922,58,1730347604,863539141,RL_myo,-0.3527911347092382,-0.425607713205453,0.7495896064643867,0.3640218559525773,-1.625,-10.5,9.1875,0.119140625,0.8984375,-0.603515625
1969/12/31/18:00:11.940,59,1730347604,886061734,RL_myo,-0.3490041986909248,-0.4208436428775667,0.7531239607637847,0.3659111876796247,-13.75,-29.5625,26.875,0.04052734375,0.78515625,-0.65966796875
1969/12/31/18:00:11.957,60,1730347604,906289992,RL_myo,-0.3461255319415003,-0.4160708431044274,0.7570694935994305,0.3659616803952101,4.0,-30.5625,22.6875,0.26220703125,0.93701171875,-0.57421875
1969/12/31/18:00:11.970,61,1730347604,922865984,RL_myo,-0.3440555513215496,-0.4147953746285703,0.7603768065218848,0.3624881886284695,24.1875,-13.125,10.6875,0.32373046875,0.8671875,-0.521484375
1969/12/31/18:00:11.989,62,1730347604,945380083,RL_myo,-0.3424052182010003,-0.4147924889294114,0.7639725697365278,0.3564432217992588,32.75,2.0625,18.3125,0.19921875,0.8076171875,-0.58642578125
1969/12/31/18:00:12.007,63,1730347604,966361113,RL_myo,-0.3394827634620925,-0.414435088800361,0.7681392625261478,0.35065236894817,34.6875,-3.25,21.75,0.12255859375,0.74853515625,-0.5673828125
1969/12/31/18:00:12.020,64,1730347604,982052916,RL_myo,-0.3358720242905076,-0.414423231861266,0.7720234845085647,0.3455764858318834,32.6875,-7.3125,15.4375,0.16796875,0.8037109375,-0.63525390625
1969/12/31/18:00:12.039,65,1730347605,5343834,RL_myo,-0.331847225397563,-0.4151599829233444,0.7763040021761273,0.3389272839125745,45.8125,-5.75,14.8125,0.17919921875,0.8076171875,-0.60986328125
1969/12/31/18:00:12.056,66,1730347605,26345449,RL_myo,-0.3291114622744567,-0.4153567323400738,0.7796255021572025,0.3336892366940755,39.25,-5.0625,13.75,0.21337890625,0.84423828125,-0.5478515625
1969/12/31/18:00:12.069,67,1730347605,42947556,RL_myo,-0.3270853948908506,-0.4156468630727174,0.782038657349593,0.3296488557203739,26.6875,-1.4375,10.25,0.22216796875,0.8701171875,-0.6513671875
1969/12/31/18:00:12.088,68,1730347605,65480046,RL_myo,-0.3261063115565598,-0.4168643286414568,0.7831312153438553,0.3264725174089534,22.0625,4.3125,3.375,0.24267578125,0.90234375,-0.640625
1969/12/31/18:00:12.105,69,1730347605,86564538,RL_myo,-0.3231827644363078,-0.4191915441262629,0.7849160246743945,0.3220841261436065,25.4375,5.8125,2.625,0.123046875,0.77880859375,-0.748046875
1969/12/31/18:00:12.118,70,1730347605,102861853,RL_myo,-0.3180583942427155,-0.4193170540102582,0.7882794399625159,0.3187908257781046,18.6875,-10.625,11.875,0.0830078125,0.75,-0.84716796875
1969/12/31/18:00:12.143,71,1730347605,132750839,RL_myo,-0.3141558489897949,-0.4175520036796555,0.7917069200012882,0.3164752432508426,15.9375,-18.6875,14.375,0.21240234375,0.75146484375,-0.72314453125
1969/12/31/18:00:12.155,72,1730347605,146390765,RL_myo,-0.3139082295388673,-0.4153500878887793,0.7940785662649551,0.31366408547545,10.125,-6.1875,14.5,0.32373046875,0.69775390625,-0.6220703125
1969/12/31/18:00:12.168,73,1730347605,162680092,RL_myo,-0.3152650720014296,-0.414086785761413,0.7947243441352592,0.312335212668212,-2.3125,4.125,8.375,0.306640625,0.73681640625,-0.66455078125
1969/12/31/18:00:12.187,74,1730347605,185425414,RL_myo,-0.3146940862907065,-0.4143024549537074,0.7951579821945934,0.3115202902303657,3.125,1.6875,2.6875,0.20068359375,0.7587890625,-0.6728515625
1969/12/31/18:00:12.204,75,1730347605,206242811,RL_myo,-0.3140397897840511,-0.4138366909107612,0.7956285053129458,0.3115982753833977,-0.25,-2.125,5.0,0.19921875,0.7978515625,-0.6640625
1969/12/31/18:00:12.217,76,1730347605,222826113,RL_myo,-0.3150626549736748,-0.4123524403336201,0.7949198020877839,0.3143302350086062,-12.1875,-1.8125,6.0625,0.20751953125,0.90771484375,-0.5986328125
1969/12/31/18:00:12.236,77,1730347605,245370340,RL_myo,-0.3165242228114794,-0.4104561123037407,0.793202622379095,0.3196369754847122,-28.625,-3.5,3.6875,0.17236328125,0.9052734375,-0.59765625
1969/12/31/18:00:12.253,78,1730347605,266398545,RL_myo,-0.3183618626244953,-0.4080842433871502,0.7917542335055509,0.3244043903085108,-31.125,-3.25,4.3125,0.20703125,0.8056640625,-0.5771484375
1969/12/31/18:00:12.266,79,1730347605,282240151,RL_myo,-0.320446949821184,-0.4063877698875129,0.7908020346444304,0.326794851303356,-18.1875,2.625,6.1875,0.232421875,0.81787109375,-0.57177734375
1969/12/31/18:00:12.285,80,1730347605,305363212,RL_myo,-0.3207391397097724,-0.406127161870376,0.7903427440726629,0.3279412745310385,-8.375,1.875,2.1875,0.1884765625,0.82666015625,-0.6337890625
1969/12/31/18:00:12.303,81,1730347605,326485587,RL_myo,-0.3200653958363145,-0.4059410655429686,0.7904589896026142,0.3285492040020749,-4.25,-1.6875,1.9375,0.18701171875,0.80859375,-0.65087890625
1969/12/31/18:00:12.316,82,1730347605,342944074,RL_myo,-0.319898111559777,-0.4052897272957297,0.7901928930076081,0.3301524299612353,-9.25,-3.4375,1.1875,0.212890625,0.82568359375,-0.62646484375
1969/12/31/18:00:12.335,83,1730347605,365311740,RL_myo,-0.3194032463064612,-0.4044268889789054,0.7895052533869817,0.3333195352722309,-16.375,-6.375,0.25,0.16748046875,0.84716796875,-0.62548828125
1969/12/31/18:00:12.352,84,1730347605,386457892,RL_myo,-0.318612917401474,-0.4032711772550841,0.7889637107914662,0.3367408937363855,-19.1875,-9.6875,-0.25,0.1787109375,0.81005859375,-0.625
1969/12/31/18:00:12.372,85,1730347605,410352846,RL_myo,-0.3185459716893148,-0.4020429805551862,0.7885218256858131,0.339298152255394,-18.125,-6.8125,-0.4375,0.22998046875,0.79443359375,-0.63134765625
1969/12/31/18:00:12.385,86,1730347605,426757327,RL_myo,-0.3185492025352885,-0.4012535844926205,0.7879194588097412,0.3416209784613929,-13.625,-4.9375,-1.4375,0.22705078125,0.8359375,-0.60693359375
1969/12/31/18:00:12.401,87,1730347605,446368657,RL_myo,-0.3174575178714759,-0.4013844717405933,0.7873874217539011,0.3437037652632726,-10.1875,-5.875,-4.6875,0.18701171875,0.85302734375,-0.64306640625
1969/12/31/18:00:12.414,88,1730347605,462163802,RL_myo,-0.3165293284990149,-0.4012463952087396,0.7869287760003469,0.3457652614629617,-10.8125,-5.4375,-3.125,0.177734375,0.83984375,-0.63427734375
1969/12/31/18:00:12.438,89,1730347605,491403137,RL_myo,-0.3168374436700036,-0.4004566495701972,0.7860205354618198,0.3484540485286169,-17.3125,-4.3125,-2.3125,0.2216796875,0.84326171875,-0.60595703125
1969/12/31/18:00:12.450,90,1730347605,506457869,RL_myo,-0.3167197439950602,-0.4002180307141279,0.7854820554003527,0.3500458145715302,-12.375,-2.0625,-2.375,0.20703125,0.822265625,-0.6396484375
1969/12/31/18:00:12.464,91,1730347605,522897368,RL_myo,-0.3162997873582009,-0.3999831158931475,0.7851949950937662,0.3513356958768437,-8.4375,-2.375,-0.5,0.18359375,0.85009765625,-0.6279296875
1969/12/31/18:00:12.483,92,1730347605,545355477,RL_myo,-0.3156264190216038,-0.4002247978195042,0.7848239210558464,0.3524932449912516,-4.9375,-1.125,-0.875,0.15625,0.89013671875,-0.62451171875
1969/12/31/18:00:12.499,93,1730347605,566133559,RL_myo,-0.3143337754819104,-0.4008213405028554,0.7847968320672628,0.3530303994926931,0.4375,-2.3125,-1.3125,0.1494140625,0.90234375,-0.6357421875
1969/12/31/18:00:12.513,94,1730347605,582175237,RL_myo,-0.3132380650674106,-0.401862708574402,0.7843158877857026,0.3538882114693777,-0.625,-0.6875,-4.9375,0.15283203125,0.927734375,-0.6435546875
1969/12/31/18:00:12.532,95,1730347605,605269887,RL_myo,-0.3121308763168865,-0.4031334450670777,0.7838061622333704,0.3545499140642928,0.9375,0.3125,-5.8125,0.15966796875,0.94189453125,-0.64306640625
1969/12/31/18:00:12.550,96,1730347605,627769264,RL_myo,-0.3108652865700339,-0.405412769173015,0.7829312842791725,0.3549955834854343,4.9375,1.9375,-10.875,0.162109375,0.98876953125,-0.64599609375
1969/12/31/18:00:12.562,97,1730347605,642206100,RL_myo,-0.3088446570013634,-0.4090665792931101,0.7816943719795377,0.3552934285385249,7.9375,3.0,-19.5,0.15380859375,0.9951171875,-0.67822265625
1969/12/31/18:00:12.581,98,1730347605,665296998,RL_myo,-0.3060335522786206,-0.4139448646895901,0.7800376541924154,0.3557167017710013,11.6875,2.3125,-27.375,0.146484375,1.02294921875,-0.68017578125
1969/12/31/18:00:12.600,99,1730347605,688297028,RL_myo,-0.3028038033951988,-0.4191400358626951,0.7777925552640634,0.3573097087432965,7.1875,0.0625,-31.375,0.11376953125,1.056640625,-0.69384765625
1969/12/31/18:00:12.611,100,1730347605,702147435,RL_myo,-0.2992586609615487,-0.4241989993234272,0.7747277551672318,0.3609658823019782,0.6875,-5.625,-37.125,0.10107421875,1.10888671875,-0.65771484375
1969/12/31/18:00:12.630,101,1730347605,725131834,RL_myo,-0.2947349540988496,-0.4304753843982577,0.7711081818357561,0.3649855095280847,1.3125,-8.0625,-48.0,0.09423828125,1.05712890625,-0.6416015625
1969/12/31/18:00:12.649,102,1730347605,747812915,RL_myo,-0.2895494793152964,-0.4375590677089714,0.7673915690200722,0.3685286163797976,5.1875,-8.3125,-53.0625,0.08203125,1.02392578125,-0.634765625
1969/12/31/18:00:12.666,103,1730347605,768916816,RL_myo,-0.2835151005242236,-0.4452621438803469,0.7639953742221113,0.3710416137969333,13.5625,-9.5,-56.4375,0.0693359375,0.9892578125,-0.61279296875
1969/12/31/18:00:12.680,104,1730347605,785216655,RL_myo,-0.276366238776401,-0.4541610385899293,0.7597019819014716,0.3744493981654638,14.8125,-10.625,-64.5625,-0.00244140625,1.0126953125,-0.59326171875
1969/12/31/18:00:12.698,105,1730347605,807824928,RL_myo,-0.2681265289590975,-0.4640487137892143,0.7546971387614935,0.3784166809802878,12.8125,-12.625,-73.1875,-0.0576171875,0.9599609375,-0.6005859375
1969/12/31/18:00:12.715,106,1730347605,828982036,RL_myo,-0.2611655618971217,-0.4737478596507264,0.7482188883610223,0.3840885442903918,0.625,-11.5,-78.5625,-0.044921875,0.9619140625,-0.56494140625
1969/12/31/18:00:12.729,107,1730347605,845222055,RL_myo,-0.2552523948376722,-0.4835268942859969,0.7406103679962494,0.3905691235213449,-7.25,-9.0,-83.75,-0.02978515625,0.91796875,-0.51806640625
1969/12/31/18:00:12.747,108,1730347605,867888561,RL_myo,-0.2495116718100822,-0.4934081103015422,0.7318724209086829,0.3983153547535705,-18.0625,-9.1875,-88.1875,-0.06689453125,0.900390625,-0.53564453125
1969/12/31/18:00:12.764,109,1730347605,888935510,RL_myo,-0.2443252295437736,-0.502688631157262,0.7216841154448113,0.4083887361672219,-33.125,-12.9375,-91.9375,-0.0986328125,0.90625,-0.51708984375
1969/12/31/18:00:12.778,110,1730347605,905288054,RL_myo,-0.2406116704361649,-0.51125402120074,0.7104819492331201,0.4194529171073884,-44.5,-11.5625,-92.375,-0.0810546875,0.87451171875,-0.4736328125
1969/12/31/18:00:12.797,111,1730347605,927854849,RL_myo,-0.2378588380369445,-0.5192976633354693,0.6980122329459835,0.4318935432254091,-56.4375,-10.4375,-92.875,-0.12060546875,0.83984375,-0.42333984375
1969/12/31/18:00:12.814,112,1730347605,948905821,RL_myo,-0.2355338335324864,-0.5269146371821599,0.6846899571307159,0.4450667826169709,-67.5,-10.4375,-92.3125,-0.166015625,0.82177734375,-0.45263671875
1969/12/31/18:00:12.828,113,1730347605,965825611,RL_myo,-0.2339477704651944,-0.5338135143460971,0.6712646959499631,0.4579468097574625,-70.5625,-8.3125,-86.9375,-0.18896484375,0.76806640625,-0.4228515625
1969/12/31/18:00:12.846,114,1730347605,987892754,RL_myo,-0.2329163524426392,-0.5398703190134027,0.6590751503342817,0.4689455806647792,-63.9375,-4.4375,-76.25,-0.19140625,0.697265625,-0.37158203125
1969/12/31/18:00:12.864,115,1730347606,8952002,RL_myo,-0.231145915536695,-0.5459120857037763,0.6486368218665061,0.4773068548975325,-48.5,-1.8125,-68.3125,-0.2041015625,0.6396484375,-0.35888671875
1969/12/31/18:00:12.877,116,1730347606,25349539,RL_myo,-0.2298001909058556,-0.5515204581740535,0.6396563082850908,0.4835874933724021,-38.875,1.9375,-61.125,-0.17578125,0.650390625,-0.36181640625
1969/12/31/18:00:12.895,117,1730347606,47904486,RL_myo,-0.2291911770377961,-0.5558572701153686,0.6328850372050353,0.4878018340575409,-29.0625,3.5625,-46.8125,-0.1484375,0.6220703125,-0.34033203125
1969/12/31/18:00:12.912,118,1730347606,68956865,RL_myo,-0.2288824464382611,-0.5594497344141605,0.6279313623884882,0.4902356826112303,-22.3125,5.625,-33.3125,-0.17431640625,0.62060546875,-0.38427734375
1969/12/31/18:00:12.926,119,1730347606,85288952,RL_myo,-0.2290605199872343,-0.56206190475951,0.6241944945135747,0.4919338638681345,-18.4375,5.25,-25.0625,-0.18212890625,0.69140625,-0.40185546875
1969/12/31/18:00:12.944,120,1730347606,107710864,RL_myo,-0.2304139654981184,-0.5644074010492984,0.6209274890098965,0.4927501836996849,-19.3125,9.875,-19.0625,-0.1669921875,0.69873046875,-0.42138671875
1969/12/31/18:00:12.962,121,1730347606,128881102,RL_myo,-0.2334592343576343,-0.5657342858198464,0.6181023964286961,0.4933466643954923,-24.0625,13.875,-7.6875,-0.185546875,0.67724609375,-0.40771484375
1969/12/31/18:00:12.976,122,1730347606,145327398,RL_myo,-0.2367555514593747,-0.5660404702846716,0.6162724421462508,0.4937137550283274,-22.875,11.8125,1.8125,-0.20556640625,0.677734375,-0.41015625
1969/12/31/18:00:12.994,123,1730347606,167847830,RL_myo,-0.2397518215581703,-0.5658704525625757,0.615798403182378,0.4930537715241599,-14.25,10.4375,5.875,-0.169921875,0.703125,-0.40185546875
1969/12/31/18:00:13.011,124,1730347606,188854005,RL_myo,-0.2427955026296144,-0.565485251851025,0.6161439414394062,0.4915723927046039,-8.8125,10.8125,9.5625,-0.1591796875,0.74609375,-0.41259765625
1969/12/31/18:00:13.025,125,1730347606,205338098,RL_myo,-0.2473180633891554,-0.5641561845769901,0.6167692572920572,0.4900584232358166,-11.6875,13.25,16.4375,-0.14599609375,0.802734375,-0.4013671875
1969/12/31/18:00:13.043,126,1730347606,227880954,RL_myo,-0.2518319731352899,-0.5626851576185742,0.6179832108567159,0.4879168185272678,-9.3125,14.4375,20.6875,-0.14013671875,0.76611328125,-0.3984375
1969/12/31/18:00:13.060,127,1730347606,248930079,RL_myo,-0.2556859638289722,-0.5613005785082904,0.6201407000483069,0.4847595905298872,-1.25,14.375,24.5,-0.15966796875,0.80078125,-0.42236328125
1969/12/31/18:00:13.074,128,1730347606,265398865,RL_myo,-0.2595225338350239,-0.5595115399025551,0.6229273236877362,0.4812031177693623,0.125,13.375,28.4375,-0.15185546875,0.81982421875,-0.45654296875
1969/12/31/18:00:13.092,129,1730347606,287820969,RL_myo,-0.2648305465342521,-0.5569437052604405,0.6256690326164137,0.4777203705285991,-7.4375,15.1875,32.625,-0.1123046875,0.8447265625,-0.484375
1969/12/31/18:00:13.115,130,1730347606,316072542,RL_myo,-0.270878646171341,-0.5542086767092781,0.62763522275347,0.474922655669041,-13.4375,17.125,33.625,-0.134765625,0.90185546875,-0.4921875
1969/12/31/18:00:13.125,131,1730347606,326966949,RL_myo,-0.2765518738704302,-0.5512116470809655,0.6289098451469681,0.473452413509805,-17.25,14.375,32.5625,-0.1767578125,0.921875,-0.4609375
1969/12/31/18:00:13.142,132,1730347606,347796004,RL_myo,-0.2813274293860096,-0.5484328385839219,0.6307130240498235,0.4714630211710865,-14.375,11.5625,30.875,-0.142578125,0.8583984375,-0.484375
1969/12/31/18:00:13.159,133,1730347606,368777696,RL_myo,-0.2873563031831492,-0.5448050896798619,0.6330627817790194,0.4688766187453169,-10.8125,12.9375,34.5625,-0.048828125,0.92041015625,-0.42822265625
1969/12/31/18:00:13.172,134,1730347606,384546695,RL_myo,-0.2937714311904509,-0.5413988353748804,0.6349686679148682,0.4662621988081974,-11.6875,17.5625,35.875,-0.07470703125,0.9345703125,-0.41357421875
1969/12/31/18:00:13.191,135,1730347606,407760408,RL_myo,-0.2988276034570856,-0.5384512086802307,0.6367786737883525,0.463988448014862,-8.375,14.625,34.0,-0.1337890625,0.95751953125,-0.42236328125
1969/12/31/18:00:13.208,136,1730347606,428824474,RL_myo,-0.3032854206102324,-0.5355865497795913,0.6391638004891032,0.4611232345965598,-3.625,11.5625,31.625,-0.06005859375,0.93701171875,-0.42919921875
1969/12/31/18:00:13.222,137,1730347606,444582241,RL_myo,-0.3089585803635822,-0.5322852191526671,0.6416597304153181,0.4577005914947655,-5.5625,15.5,34.125,0.0048828125,0.9326171875,-0.4189453125
1969/12/31/18:00:13.240,138,1730347606,467988727,RL_myo,-0.3141591641453091,-0.5288885092906749,0.643577662084348,0.4553995577400721,-4.4375,13.25,34.125,-0.05224609375,0.9765625,-0.353515625
1969/12/31/18:00:13.258,139,1730347606,488895069,RL_myo,-0.3182437339916925,-0.525767457730042,0.6453377444369323,0.4536834819256329,-5.5,8.6875,29.25,-0.05029296875,1.0126953125,-0.3974609375
1969/12/31/18:00:13.271,140,1730347606,504612656,RL_myo,-0.3223318031360455,-0.5226523821726866,0.6467388346959929,0.4523997964105983,-8.3125,6.8125,25.5,-0.013671875,1.0419921875,-0.4130859375
1969/12/31/18:00:13.290,141,1730347606,527906658,RL_myo,-0.3270347455395549,-0.5192393766899952,0.6472944151636768,0.4521600214552115,-15.375,8.3125,26.25,-0.04541015625,1.01123046875,-0.3701171875
1969/12/31/18:00:13.309,142,1730347606,550305817,RL_myo,-0.330691237308667,-0.5161786256772604,0.6484429134675671,0.451358748596824,-12.25,6.1875,26.875,-0.05322265625,0.96875,-0.41064453125
1969/12/31/18:00:13.320,143,1730347606,564653759,RL_myo,-0.333613973337216,-0.512688872307467,0.6500162488183957,0.4509220700723293,-12.375,0.0,25.8125,-0.02880859375,1.0341796875,-0.45703125
1969/12/31/18:00:13.339,144,1730347606,587743329,RL_myo,-0.3372227482693722,-0.5088553940853857,0.6509467167950869,0.4512376068697681,-18.9375,0.375,25.375,-0.01953125,1.0517578125,-0.4482421875
1969/12/31/18:00:13.358,145,1730347606,610423275,RL_myo,-0.3419878462599396,-0.5050775348565055,0.6504666210230549,0.452586093167491,-26.875,5.25,22.5,-0.01708984375,1.04248046875,-0.388671875
1969/12/31/18:00:13.369,146,1730347606,624718984,RL_myo,-0.3463174437442388,-0.5023250902388237,0.6499708245386674,0.4530691549019183,-21.5625,8.875,19.875,-0.01708984375,1.0078125,-0.38134765625
1969/12/31/18:00:13.389,147,1730347606,647996537,RL_myo,-0.34892703782877,-0.5002284418479271,0.6502481478096407,0.4529887134450116,-9.625,5.25,19.0625,-0.05224609375,1.02783203125,-0.3662109375
1969/12/31/18:00:13.407,148,1730347606,670374158,RL_myo,-0.3496665948336245,-0.4986517856154149,0.6510549078530761,0.4529979868834283,-4.3125,-1.625,14.125,-0.05517578125,1.0498046875,-0.40234375
1969/12/31/18:00:13.425,149,1730347606,691293320,RL_myo,-0.3505376124547306,-0.4966000374249849,0.6517570304355935,0.4535686919991473,-9.625,-4.375,12.875,-0.0283203125,1.02587890625,-0.4130859375
1969/12/31/18:00:13.438,150,1730347606,707760808,RL_myo,-0.3522968104350159,-0.4937160255732576,0.6522862115590808,0.4545922806860704,-15.625,-4.375,16.0625,-0.00732421875,0.97900390625,-0.3857421875
1969/12/31/18:00:13.462,151,1730347606,736371696,RL_myo,-0.3533323911953647,-0.4914548996208459,0.6531369698016234,0.4550169245744418,-9.8125,-4.125,15.25,-0.0244140625,0.95654296875,-0.38623046875
1969/12/31/18:00:13.468,152,1730347606,744623356,RL_myo,-0.353093727925869,-0.489753513029762,0.6543678231794714,0.4552681273291369,-2.4375,-7.0625,12.1875,-0.037109375,1.0283203125,-0.3984375
1969/12/31/18:00:13.487,153,1730347606,767915346,RL_myo,-0.3541319066146319,-0.4874349200662617,0.6548571571989634,0.4562454329445662,-8.375,-6.1875,10.0625,0.029296875,1.0498046875,-0.3447265625
1969/12/31/18:00:13.511,154,1730347606,796303198,RL_myo,-0.3548597303101763,-0.4855364903022795,0.6551538261350934,0.4572771068943655,-10.75,-4.875,10.625,-0.0205078125,0.9853515625,-0.3701171875
1969/12/31/18:00:13.517,155,1730347606,804597758,RL_myo,-0.3544918903684545,-0.4839473482664386,0.656188414833205,0.4577632881824051,-2.4375,-8.0,9.25,-0.01513671875,0.9599609375,-0.35302734375
1969/12/31/18:00:13.536,156,1730347606,827857059,RL_myo,-0.354253754615157,-0.48249068405114,0.6572981880514519,0.4578931197661799,-1.1875,-7.5625,6.75,0.03662109375,0.98193359375,-0.361328125
1969/12/31/18:00:13.555,157,1730347606,850271621,RL_myo,-0.354568700964478,-0.4809169899981274,0.6578045946452366,0.4585771475892792,-4.5625,-5.875,7.3125,0.021484375,1.01318359375,-0.33984375
1969/12/31/18:00:13.567,158,1730347606,864723885,RL_myo,-0.3543233127755947,-0.4802438974880929,0.6580464487568797,0.4591248852192978,-2.625,-3.9375,3.5625,-0.0048828125,1.001953125,-0.3544921875
1969/12/31/18:00:13.586,159,1730347606,887853549,RL_myo,-0.3541887105221242,-0.4797386291063064,0.6583283528677635,0.4593527891417381,0.0,-2.8125,2.4375,0.0146484375,1.00146484375,-0.3349609375
1969/12/31/18:00:13.605,160,1730347606,910791849,RL_myo,-0.3544251059147423,-0.4793009052434082,0.6583139645938368,0.459647920207323,0.3125,-1.375,1.0625,0.04052734375,1.0166015625,-0.3037109375
1969/12/31/18:00:13.616,161,1730347606,924708466,RL_myo,-0.3543136344685257,-0.4789490249223981,0.6585777977459762,0.459722703672168,0.625,-2.125,1.5625,0.0224609375,0.94970703125,-0.31884765625
1969/12/31/18:00:13.635,162,1730347606,947813937,RL_myo,-0.3545611715802891,-0.4778549513344953,0.6587672103401723,0.4603985052900879,-3.875,-4.25,3.9375,0.025390625,0.97314453125,-0.31640625
1969/12/31/18:00:13.654,163,1730347606,970296801,RL_myo,-0.3545640392944484,-0.4771263720373047,0.6590777235843439,0.4607074141150795,-2.8125,-2.9375,4.0,0.01513671875,0.92333984375,-0.33349609375
1969/12/31/18:00:13.665,164,1730347606,984705725,RL_myo,-0.354006102018013,-0.4771758113063492,0.6597330959849487,0.4601468970885862,5.8125,-1.5,2.8125,0.0068359375,0.94287109375,-0.318359375
1969/12/31/18:00:13.684,165,1730347607,7894579,RL_myo,-0.3530988989416953,-0.4774312165120036,0.6606642147182212,0.4592421980358367,9.5625,-1.875,1.9375,0.009765625,0.96923828125,-0.32421875
1969/12/31/18:00:13.703,166,1730347607,30385473,RL_myo,-0.3530956543690891,-0.4768164653295287,0.6614516173548519,0.4587496868172988,2.3125,-1.9375,5.8125,0.02587890625,0.943359375,-0.33447265625
1969/12/31/18:00:13.720,167,1730347607,51438433,RL_myo,-0.3536442568211296,-0.476510306006655,0.6621826962810555,0.4575890565046615,2.25,2.75,5.75,0.044921875,0.8740234375,-0.3369140625
1969/12/31/18:00:13.734,168,1730347607,67832096,RL_myo,-0.3529121460996841,-0.4774262896561275,0.6633429961624641,0.4555142418439887,11.875,4.0625,4.625,-0.01025390625,0.9091796875,-0.3671875
1969/12/31/18:00:13.753,169,1730347607,90386680,RL_myo,-0.3513749015083972,-0.4781433000550258,0.6650305587694104,0.4534854122298751,13.25,-0.8125,4.4375,-0.00146484375,0.91845703125,-0.40185546875
1969/12/31/18:00:13.770,170,1730347607,111427479,RL_myo,-0.3518663269662988,-0.4771099874927247,0.666257211650324,0.4523908439677722,4.0,-2.3125,5.875,0.1103515625,0.9482421875,-0.345703125
1969/12/31/18:00:13.783,171,1730347607,127839069,RL_myo,-0.3533975081840652,-0.4766899030945681,0.6666944701026848,0.4509938148483692,4.9375,5.5,3.625,0.13232421875,1.01025390625,-0.31884765625
1969/12/31/18:00:13.802,172,1730347607,150764182,RL_myo,-0.3527298333936984,-0.4785260241921779,0.6670066827005255,0.4491064395415873,12.75,7.5625,-2.25,0.015625,0.98046875,-0.376953125
1969/12/31/18:00:13.825,173,1730347607,178976926,RL_myo,-0.3509446272149465,-0.479909148485413,0.6690530440922163,0.4459743288799329,21.8125,1.0,1.8125,0.04248046875,0.89306640625,-0.38427734375
1969/12/31/18:00:13.832,174,1730347607,187902599,RL_myo,-0.3516233471857874,-0.4798581419154072,0.6703487627393688,0.4435422433603745,18.25,3.0625,2.1875,0.1728515625,1.03076171875,-0.2822265625
1969/12/31/18:00:13.851,175,1730347607,210220974,RL_myo,-0.3522949658404368,-0.4810791615998481,0.6704102399153428,0.4415894105778865,14.4375,9.0,-3.125,0.11865234375,1.107421875,-0.3330078125
1969/12/31/18:00:13.868,176,1730347607,231171233,RL_myo,-0.3508945636106813,-0.4830369762419432,0.670416748425765,0.4405560897794221,6.125,5.625,-1.25,-0.06591796875,1.04345703125,-0.4990234375
1969/12/31/18:00:13.882,177,1730347607,247830130,RL_myo,-0.3498628489720821,-0.4828009656959472,0.6693904160287552,0.4431880925307551,-15.875,-6.0625,-1.0625,-0.0966796875,0.89208984375,-0.4306640625
1969/12/31/18:00:13.900,178,1730347607,270417717,RL_myo,-0.3504102714707554,-0.4802958415264543,0.6681050046192107,0.4473971938478727,-30.375,-13.125,-0.6875,0.0283203125,0.80029296875,-0.36962890625
1969/12/31/18:00:13.918,179,1730347607,291398474,RL_myo,-0.3525441621947398,-0.477240790200947,0.6672459801095733,0.4502628608917235,-21.5,-8.75,0.9375,0.16357421875,0.95849609375,-0.29736328125
1969/12/31/18:00:13.931,180,1730347607,307900500,RL_myo,-0.3558348860417718,-0.475463767112419,0.6652830630969663,0.4524535180493404,-21.8125,4.375,2.5625,0.095703125,1.08154296875,-0.3291015625
1969/12/31/18:00:13.950,181,1730347607,330359277,RL_myo,-0.3593791489392943,-0.4735772446705136,0.6624221982741442,0.4558158091505859,-36.6875,7.1875,6.5625,-0.0205078125,1.08154296875,-0.41455078125
1969/12/31/18:00:13.968,182,1730347607,352952233,RL_myo,-0.3636534061507072,-0.4708939289111624,0.6592515004756274,0.4597853488642627,-48.4375,5.75,6.0,0.025390625,0.99755859375,-0.44775390625
1969/12/31/18:00:13.980,183,1730347607,367184669,RL_myo,-0.3671840393124457,-0.4682573054529726,0.6573424373994415,0.4623979856767102,-41.1875,3.5625,8.0625,0.05712890625,0.9736328125,-0.4736328125
1969/12/31/18:00:13.999,184,1730347607,390274526,RL_myo,-0.3700585083365587,-0.465579136003838,0.6566814268832321,0.4637480696587784,-28.0625,0.9375,9.625,0.10498046875,0.9423828125,-0.40966796875
1969/12/31/18:00:14.016,185,1730347607,411283667,RL_myo,-0.373656375368635,-0.4627064654801734,0.6559433299716956,0.4647816560653635,-33.875,4.125,12.0625,0.12744140625,1.04248046875,-0.5009765625
1969/12/31/18:00:14.029,186,1730347607,427080119,RL_myo,-0.3771949485221518,-0.4597139728590367,0.6553304469712531,0.4657564162091489,-38.8125,2.875,8.5,0.1962890625,1.08154296875,-0.57666015625
1969/12/31/18:00:14.048,187,1730347607,450341895,RL_myo,-0.3847637064571041,-0.4538551588221806,0.6522184275381686,0.469663185467547,-64.5625,5.75,11.75,0.29150390625,1.11865234375,-0.4384765625
1969/12/31/18:00:14.066,188,1730347607,471408646,RL_myo,-0.394905999523403,-0.4472752959053319,0.646376280518213,0.4755962207552329,-96.25,15.5625,9.0625,0.30615234375,1.07275390625,-0.51171875
1969/12/31/18:00:14.079,189,1730347607,487270530,RL_myo,-0.4054500127247968,-0.4405446623284033,0.6366474608960342,0.4860151213800326,-113.3125,15.3125,0.5625,0.36572265625,1.02734375,-0.5673828125
1969/12/31/18:00:14.103,190,1730347607,516337528,RL_myo,-0.4149835749660158,-0.4363461652348944,0.6253745711283716,0.4962834899321481,-108.1875,22.625,-16.75,0.47802734375,1.068359375,-0.4853515625
1969/12/31/18:00:14.116,191,1730347607,532837818,RL_myo,-0.4261006661241946,-0.4366601010532142,0.6136679698055655,0.5011764173536402,-98.75,53.25,-43.25,0.5654296875,1.09716796875,-0.44384765625
1969/12/31/18:00:14.127,192,1730347607,547018593,RL_myo,-0.4378093983754462,-0.4436688298886266,0.5988827292429777,0.5028124667247911,-86.9375,91.0625,-68.5,0.60791015625,0.9970703125,-0.48193359375
1969/12/31/18:00:14.147,193,1730347607,570401262,RL_myo,-0.4485489356714796,-0.4577652765731523,0.578493238848045,0.5045794055240334,-62.25,123.3125,-84.3125,0.673828125,0.88916015625,-0.37744140625
1969/12/31/18:00:14.165,194,1730347607,592889874,RL_myo,-0.4588021600103279,-0.4769296365998007,0.5570689522966958,0.5017099581328849,-33.0625,151.0625,-95.9375,0.787109375,0.759765625,-0.20947265625
1969/12/31/18:00:14.177,195,1730347607,607255274,RL_myo,-0.467422893174914,-0.4991012010304612,0.5359066338568484,0.4951948201002973,-6.3125,163.6875,-100.5,0.80126953125,0.67578125,-0.0927734375
1969/12/31/18:00:14.196,196,1730347607,630803983,RL_myo,-0.4714320967906515,-0.5242881552863409,0.5169639901368227,0.4854090452843154,32.125,161.6875,-106.1875,0.70947265625,0.57958984375,-0.03173828125
1969/12/31/18:00:14.214,197,1730347607,652795258,RL_myo,-0.4696782529958021,-0.5520779465038376,0.4981824432685818,0.4758429708064032,57.625,150.9375,-127.5,0.52197265625,0.5712890625,0.01708984375
1969/12/31/18:00:14.227,198,1730347607,667165069,RL_myo,-0.4651477725973019,-0.5788559867881921,0.4771106335642447,0.4700305729919725,47.1875,134.125,-147.5,0.369140625,0.65087890625,0.0390625
1969/12/31/18:00:14.246,199,1730347607,690284340,RL_myo,-0.4601918324045007,-0.6017893192981932,0.4543936594498021,0.4686144415386944,24.8125,113.75,-152.125,0.15869140625,0.6630859375,0.1845703125
1969/12/31/18:00:14.265,200,1730347607,713395743,RL_myo,-0.4557440457524489,-0.6188280273046846,0.431086138362066,0.4727726501136292,-7.625,81.9375,-149.0,-0.033203125,0.5439453125,0.2392578125
1969/12/31/18:00:14.281,201,1730347607,733841941,RL_myo,-0.4526821265635684,-0.6301052008416179,0.4061749430066803,0.4827714198621849,-46.125,54.0625,-149.375,-0.18896484375,0.42919921875,0.30029296875
1969/12/31/18:00:14.295,202,1730347607,750285160,RL_myo,-0.451107523376402,-0.6350050971733306,0.3811617485435842,0.4979821787617459,-81.1875,21.625,-143.5625,-0.26171875,0.4228515625,0.2744140625
1969/12/31/18:00:14.313,203,1730347607,772920308,RL_myo,-0.4523945010573519,-0.6329372606536345,0.3587051379808496,0.5158102979540854,-107.9375,-8.0,-115.8125,-0.3740234375,0.34716796875,0.29541015625
1969/12/31/18:00:14.330,204,1730347607,793877847,RL_myo,-0.4534318598821902,-0.6269554535886199,0.3411267552674062,0.5338154592178807,-102.9375,-33.0625,-87.6875,-0.5322265625,0.2109375,0.3056640625
1969/12/31/18:00:14.344,205,1730347607,810302271,RL_myo,-0.4490309281794237,-0.6187679148950656,0.3259853455764988,0.5560854678051828,-70.1875,-64.125,-65.9375,-0.751953125,0.16162109375,0.408203125
1969/12/31/18:00:14.362,206,1730347607,832814405,RL_myo,-0.4420868487602196,-0.6026736911029142,0.3242255060906097,0.5798460669918661,-60.75,-142.0625,-44.3125,-1.103515625,0.2939453125,0.4267578125
1969/12/31/18:00:14.380,207,1730347607,853827866,RL_myo,-0.4368823458451681,-0.5749415615900368,0.3280584812682005,0.6090596436419298,-87.625,-211.3125,-11.125,-1.1826171875,0.4189453125,0.49609375
1969/12/31/18:00:14.394,208,1730347607,870216636,RL_myo,-0.4320564918250888,-0.538376933802671,0.3396516989697159,0.6388381550972178,-85.3125,-264.1875,30.4375,-1.166015625,0.55322265625,0.54638671875
1969/12/31/18:00:14.425,209,1730347607,908502304,RL_myo,-0.4319383491231477,-0.4912024634369215,0.3510071281344105,0.6700323861345084,-131.8125,-297.75,56.25,-0.70068359375,0.65576171875,0.4794921875
1969/12/31/18:00:14.429,210,1730347607,913917178,RL_myo,-0.4356115111184808,-0.4375646522640309,0.3553496171685295,0.7017880278604864,-186.5,-300.0625,62.125,-0.666015625,0.7255859375,0.60791015625
1969/12/31/18:00:14.443,211,1730347607,930293003,RL_myo,-0.4394514437177428,-0.3797592892794161,0.3616319172260592,0.7293062918032374,-179.5,-314.5625,93.8125,-1.0302734375,0.60107421875,0.7099609375
1969/12/31/18:00:14.461,212,1730347607,952808584,RL_myo,-0.4397745897614836,-0.3185542795232731,0.3682387369925095,0.7546666242624543,-175.5,-334.4375,92.75,-1.0341796875,0.58544921875,0.75
1969/12/31/18:00:14.492,213,1730347607,990852597,RL_myo,-0.4358619084491189,-0.2554379060159029,0.3770837236239541,0.7762626735269421,-157.1875,-351.75,90.0625,-0.8994140625,0.68505859375,0.7119140625
1969/12/31/18:00:14.495,214,1730347607,993326734,RL_myo,-0.4313973730914036,-0.1927494205182021,0.3875130053420092,0.7915665721027749,-137.0625,-344.25,101.8125,-0.59130859375,0.84375,0.7080078125
1969/12/31/18:00:14.517,215,1730347608,20306795,RL_myo,-0.4314576513302803,-0.1337280681941779,0.3964234609407512,0.7992556152454408,-123.0625,-305.25,130.125,-0.44873046875,0.9052734375,0.78662109375
1969/12/31/18:00:14.528,216,1730347608,33913700,RL_myo,-0.4342657174970836,-0.0776368225799424,0.3996587376206471,0.8035289066548287,-137.3125,-270.125,141.4375,-0.4384765625,0.9443359375,0.7919921875
1969/12/31/18:00:14.542,217,1730347608,50293164,RL_myo,-0.4339781774272899,-0.0275890486915801,0.4004684700563219,0.8065524102003107,-130.9375,-242.3125,115.375,-0.3486328125,0.94775390625,0.71240234375
1969/12/31/18:00:14.546,218,1730347608,55628640,RL_myo,-0.4264012841825868,0.0119021257394223,0.4095551985206352,0.8064147962525533,-55.875,-228.5,63.4375,-0.109375,0.76220703125,0.67626953125
1969/12/31/18:00:14.565,219,1730347608,78184323,RL_myo,-0.4185989462105912,0.0386981236362663,0.4334922303860628,0.7970958936372282,63.5,-201.25,50.0,0.49169921875,1.03662109375,0.72119140625
1969/12/31/18:00:14.583,220,1730347608,100778502,RL_myo,-0.4276888768517917,0.067873559449007,0.4221344758537165,0.7964156508009389,-119.6875,-87.75,122.875,0.6083984375,1.39453125,1.31787109375
1969/12/31/18:00:14.595,221,1730347608,115711515,RL_myo,-0.4405036318026304,0.0955228188681054,0.401134802301079,0.7974476859500301,-172.875,-46.25,142.5625,0.23876953125,1.55810546875,0.623046875
1969/12/31/18:00:14.614,222,1730347608,138160370,RL_myo,-0.4521020114280572,0.1355634625869738,0.3743407096109457,0.7981825305042127,-222.875,-88.375,160.9375,0.5546875,0.7861328125,0.69384765625
1969/12/31/18:00:14.632,223,1730347608,160712538,RL_myo,-0.4589443260465956,0.1674881274999146,0.3551798155692433,0.7969724784134059,-151.3125,-81.25,107.8125,1.13525390625,-0.2197265625,1.17529296875
1969/12/31/18:00:14.651,224,1730347608,183191995,RL_myo,-0.4753629963745252,0.1784137183362528,0.3466951488709943,0.7886704258031896,14.9375,-8.125,87.1875,0.8916015625,-0.373046875,1.1708984375
1969/12/31/18:00:14.663,225,1730347608,198240871,RL_myo,-0.4919623740325534,0.1723699434575596,0.3513929760924826,0.7776789835668441,90.5,26.0625,81.25,0.54443359375,0.18408203125,0.8623046875
1969/12/31/18:00:14.681,226,1730347608,220867028,RL_myo,-0.5065318005012054,0.1645511187072237,0.3629768186023218,0.7645889703432462,114.25,17.8125,75.3125,0.53125,0.3828125,0.64013671875
1969/12/31/18:00:14.694,227,1730347608,235700289,RL_myo,-0.5180201630340538,0.1600387495552361,0.3703719040050239,0.754232962720844,74.4375,13.75,66.3125,0.55029296875,0.4033203125,0.564453125
1969/12/31/18:00:14.713,228,1730347608,259489777,RL_myo,-0.5268658605173543,0.1605866634639897,0.3747022147493093,0.7458032842518016,39.9375,4.0625,58.625,0.6240234375,0.34033203125,0.47265625
1969/12/31/18:00:14.731,229,1730347608,280777590,RL_myo,-0.5333885652308755,0.1635749347544051,0.3771378812863691,0.7392610484124459,18.3125,0.5,47.0625,0.69873046875,0.3095703125,0.43359375
1969/12/31/18:00:14.745,230,1730347608,298628853,RL_myo,-0.5382134845018861,0.1679704592140157,0.3758583168022925,0.7354200810572948,-3.5,1.375,35.3125,0.71240234375,0.244140625,0.5224609375
1969/12/31/18:00:14.762,231,1730347608,318273484,RL_myo,-0.5415788202302202,0.1740767266196988,0.3721408843619579,0.7334172324902881,-20.5625,-2.3125,27.375,0.71826171875,0.17529296875,0.5791015625
1969/12/31/18:00:14.780,232,1730347608,340774067,RL_myo,-0.5442668417474722,0.1804253430756451,0.3675647550749442,0.7321997346195668,-24.75,-2.75,21.25,0.744140625,0.12841796875,0.6328125
1969/12/31/18:00:14.792,233,1730347608,355709853,RL_myo,-0.546708077962269,0.1842705914221379,0.3645737802465817,0.7309176324213654,-10.0,1.3125,13.5625,0.7470703125,0.12451171875,0.654296875
1969/12/31/18:00:14.811,234,1730347608,378240964,RL_myo,-0.5490321891018202,0.1848215084602903,0.3636003057787151,0.7295200360361263,6.4375,6.3125,8.3125,0.72265625,0.18212890625,0.669921875
1969/12/31/18:00:14.829,235,1730347608,400815585,RL_myo,-0.551043276928346,0.1841490436965905,0.3631099307096511,0.7284171983676208,7.75,8.8125,6.8125,0.67919921875,0.24462890625,0.64794921875
1969/12/31/18:00:14.842,236,1730347608,415752236,RL_myo,-0.5524899596073058,0.184265045078928,0.3617551911834403,0.7279659465572622,-1.3125,6.625,6.6875,0.63623046875,0.2568359375,0.62841796875
1969/12/31/18:00:14.861,237,1730347608,438176749,RL_myo,-0.5541512863330409,0.1853071159056186,0.3601159367072299,0.7272510823502789,-4.25,4.125,10.375,0.619140625,0.2333984375,0.61474609375
1969/12/31/18:00:14.886,238,1730347608,469475758,RL_myo,-0.5563898009503712,0.1865822314068982,0.3583941324243725,0.7260654971594577,-2.5625,2.8125,13.75,0.61376953125,0.208984375,0.62744140625
1969/12/31/18:00:14.891,239,1730347608,475767635,RL_myo,-0.5587260734658377,0.1879917310765545,0.3569401439401594,0.7246226725132647,-0.9375,1.3125,14.5625,0.62060546875,0.20068359375,0.640625
1969/12/31/18:00:14.910,240,1730347608,498247410,RL_myo,-0.5606762703676699,0.1893335282691609,0.3557785739139067,0.7233370868851792,0.0625,0.75,11.8125,0.646484375,0.197265625,0.6435546875
1969/12/31/18:00:14.928,241,1730347608,520778555,RL_myo,-0.5625095577086853,0.1902498146026445,0.3546202832343165,0.7222412756474471,1.5625,3.1875,9.0,0.6640625,0.1796875,0.65283203125
1969/12/31/18:00:14.940,242,1730347608,535636433,RL_myo,-0.5646526074656394,0.1903131369665834,0.3537700262534694,0.7209681763467877,6.1875,7.4375,8.0,0.67236328125,0.17431640625,0.6357421875
1969/12/31/18:00:14.959,243,1730347608,558295661,RL_myo,-0.5661832850552683,0.189887473027915,0.3535288472445142,0.719997631577398,6.4375,8.75,4.875,0.67919921875,0.20849609375,0.59716796875
1969/12/31/18:00:14.977,244,1730347608,580619912,RL_myo,-0.5665381459191817,0.1897005556471468,0.3533386475679964,0.7198611175361808,-0.25,7.9375,-0.5,0.6767578125,0.25244140625,0.55029296875
1969/12/31/18:00:14.990,245,1730347608,595711717,RL_myo,-0.5662805069567058,0.1898181048324375,0.3523536717677368,0.7205153464781109,-5.9375,9.0,-4.375,0.67529296875,0.23876953125,0.556640625
1969/12/31/18:00:15.014,246,1730347608,625785360,RL_myo,-0.566300899848493,0.1898859775197954,0.3503521411004904,0.7214568480501388,-9.125,11.3125,-4.0,0.65185546875,0.2138671875,0.5771484375
1969/12/31/18:00:15.027,247,1730347608,640764817,RL_myo,-0.5660682455989047,0.1901339858788643,0.3480398033647783,0.7226922609328263,-11.25,10.0,-4.5625,0.650390625,0.22314453125,0.611328125
1969/12/31/18:00:15.027,1,1730347614,96208416,RL_myo,-0.5765152862434761,0.1398408174466706,0.5014981039466808,0.629741472543562,29.9375,3.625,-13.125,0.82080078125,0.3662109375,0.5185546875
1969/12/31/18:00:15.039,2,1730347614,111231991,RL_myo,-0.5762448780184825,0.1344022054228046,0.505686771992705,0.6278206562120655,38.6875,4.6875,-15.4375,0.78515625,0.470703125,0.4482421875
1969/12/31/18:00:15.055,3,1730347614,130763854,RL_myo,-0.5756217222947306,0.1266477652170041,0.5104362701252075,0.6261587582463833,46.375,8.8125,-21.375,0.83935546875,0.58203125,0.51171875
1969/12/31/18:00:15.073,4,1730347614,153275768,RL_myo,-0.5756284331610031,0.1148693363597718,0.5141654035572357,0.6253725931680243,57.0625,26.3125,-35.5,1.00390625,0.681640625,0.6650390625
1969/12/31/18:00:15.087,5,1730347614,171090820,RL_myo,-0.5753895492361181,0.0938128500239645,0.5166115566706803,0.6270873267054076,77.5,62.375,-71.25,1.06103515625,0.7880859375,0.77001953125
1969/12/31/18:00:15.110,6,1730347614,198206469,RL_myo,-0.5735647188496412,0.0667134444719227,0.5144198627716055,0.6339913519943836,57.125,98.6875,-98.9375,0.9423828125,1.00146484375,0.7353515625
1969/12/31/18:00:15.123,7,1730347614,213175592,RL_myo,-0.5743608296992609,0.0423598741563535,0.5041069173736659,0.6435771082198732,11.9375,127.5,-91.8125,0.7548828125,1.1298828125,0.6533203125
1969/12/31/18:00:15.138,8,1730347614,231098199,RL_myo,-0.572151601961123,0.0173342281797481,0.4874946495480574,0.659311030977603,-28.4375,143.5,-122.875,0.5048828125,1.07177734375,0.57421875
1969/12/31/18:00:15.153,9,1730347614,250711647,RL_myo,-0.5662912205185664,-0.0108033569769116,0.4676571816785143,0.6785973043463486,-41.3125,155.8125,-156.4375,0.3154296875,0.9931640625,0.48193359375
1969/12/31/18:00:15.172,10,1730347614,273182384,RL_myo,-0.5576759831104328,-0.0426634028887153,0.4467145146530871,0.6983004183831084,-34.375,166.9375,-180.3125,0.2333984375,0.900390625,0.45166015625
1969/12/31/18:00:15.187,11,1730347614,291574567,RL_myo,-0.5469352629470888,-0.0793455910982273,0.4283441217902766,0.7149037757950286,1.9375,173.5,-193.0,0.22705078125,0.71337890625,0.47021484375
1969/12/31/18:00:15.202,12,1730347614,310607683,RL_myo,-0.5343604539626865,-0.1241449644043522,0.418394164696084,0.7238737845799499,82.6875,179.5625,-193.4375,0.1796875,0.65771484375,0.50390625
1969/12/31/18:00:15.221,13,1730347614,333230849,RL_myo,-0.5195376311469423,-0.1751730499755315,0.4148610525030271,0.7261441726686059,146.625,184.75,-192.125,0.05908203125,0.7138671875,0.51318359375
1969/12/31/18:00:15.236,14,1730347614,351158947,RL_myo,-0.5023319675900548,-0.2275447843469896,0.4128521784664801,0.724871743268468,164.6875,182.625,-191.5625,-0.1181640625,0.92431640625,0.39453125
1969/12/31/18:00:15.252,15,1730347614,370772036,RL_myo,-0.4837721924714277,-0.2768597861532167,0.4080874184789257,0.7230337360606274,146.8125,174.0625,-189.9375,-0.35595703125,0.9990234375,0.31591796875
1969/12/31/18:00:15.271,16,1730347614,393299867,RL_myo,-0.4658241007408008,-0.3237941371108422,0.3988679898245719,0.7204648434413539,124.125,178.5625,-185.375,-0.52001953125,0.93310546875,0.33544921875
1969/12/31/18:00:15.286,17,1730347614,411176515,RL_myo,-0.4487994313288396,-0.3709782325060094,0.3872138708486548,0.7148563769513627,122.1875,193.9375,-177.9375,-0.6474609375,0.80615234375,0.37890625
1969/12/31/18:00:15.301,18,1730347614,430812261,RL_myo,-0.4315257598258644,-0.4206613206110123,0.3748841890877594,0.7044795360551805,138.1875,216.1875,-173.125,-0.71337890625,0.74853515625,0.37548828125
1969/12/31/18:00:15.320,19,1730347614,453327654,RL_myo,-0.4130265963942379,-0.4699726307426676,0.3641372357156824,0.6898832006862821,156.5,219.3125,-162.75,-0.802734375,0.720703125,0.3310546875
1969/12/31/18:00:15.335,20,1730347614,471209051,RL_myo,-0.3935001734645157,-0.514351785603455,0.3558408579646543,0.6737782557584596,161.25,196.625,-146.6875,-0.83154296875,0.6962890625,0.32177734375
1969/12/31/18:00:15.350,21,1730347614,490778655,RL_myo,-0.3748080213487838,-0.5505240763012588,0.3506997053688506,0.6583706442418712,151.5,159.0,-120.0,-0.7841796875,0.6689453125,0.3203125
1969/12/31/18:00:15.369,22,1730347614,513372107,RL_myo,-0.3592464062172624,-0.576649685005215,0.3481382094908707,0.6459233294252954,124.6875,113.625,-87.5625,-0.7275390625,0.65673828125,0.32958984375
1969/12/31/18:00:15.384,23,1730347614,531100760,RL_myo,-0.3468602416179021,-0.5935014938399579,0.3464329986667627,0.6383009690022912,98.875,73.0,-50.5625,-0.62841796875,0.52294921875,0.27001953125
1969/12/31/18:00:15.400,24,1730347614,550808691,RL_myo,-0.3406947659022992,-0.6017394656092383,0.3493006351234071,0.6323177668842386,72.1875,39.375,-4.1875,-0.51318359375,0.46826171875,0.22607421875
1969/12/31/18:00:15.419,25,1730347614,573359604,RL_myo,-0.3414197552559556,-0.6025808444122364,0.3586921525990796,0.6258344959589862,52.8125,12.4375,55.375,-0.4248046875,0.458984375,0.12109375
1969/12/31/18:00:15.433,26,1730347614,591203704,RL_myo,-0.3478985269489073,-0.5967985607905993,0.3736552249089843,0.6190152386518979,35.9375,-12.125,100.0,-0.3125,0.56787109375,0.14208984375
1969/12/31/18:00:15.449,27,1730347614,610723305,RL_myo,-0.3566248528733505,-0.5873354371384993,0.3889731623073528,0.6136413265084145,19.625,-25.75,111.625,-0.2080078125,0.77392578125,0.166015625
1969/12/31/18:00:15.468,28,1730347614,633304259,RL_myo,-0.3619881527149533,-0.5777406598549567,0.404711421455548,0.6094169119640548,27.4375,-39.3125,93.1875,-0.2060546875,0.75830078125,0.00830078125
1969/12/31/18:00:15.482,29,1730347614,651046287,RL_myo,-0.3610180188602959,-0.569389196609924,0.4230288907389198,0.6053994470118809,52.9375,-58.875,80.125,-0.17431640625,0.58740234375,-0.10302734375
1969/12/31/18:00:15.498,30,1730347614,670745838,RL_myo,-0.357980707307487,-0.5588527461393608,0.4475216617184134,0.599381167222425,86.5,-75.375,105.5,-0.05126953125,0.46044921875,-0.08251953125
1969/12/31/18:00:15.517,31,1730347614,693310826,RL_myo,-0.3557699451258321,-0.5470519845878938,0.4761909610347816,0.5894099090890651,107.0,-73.375,131.3125,0.06640625,0.501953125,-0.01416015625
1969/12/31/18:00:15.532,32,1730347614,711174215,RL_myo,-0.3552154431282443,-0.5338607355743562,0.5044425493908831,0.57823214917474,100.875,-68.9375,141.25,0.07666015625,0.654296875,-0.056640625
1969/12/31/18:00:15.555,33,1730347614,739702939,RL_myo,-0.3562677501284848,-0.5201496944654699,0.5292440742443193,0.5678188931720566,80.0625,-61.9375,134.75,0.1376953125,0.802734375,-0.16455078125
1969/12/31/18:00:15.567,34,1730347614,753363883,RL_myo,-0.3563230603328094,-0.5072629247046898,0.5513913201518671,0.5582882892881479,72.375,-59.5625,119.625,0.13671875,0.92578125,-0.23779296875
1969/12/31/18:00:15.581,35,1730347614,771226843,RL_myo,-0.3568755572147705,-0.4934123489865238,0.5708055774025199,0.5507858779384452,53.8125,-61.25,115.125,0.00634765625,0.9013671875,-0.2578125
1969/12/31/18:00:15.599,36,1730347614,792126140,RL_myo,-0.3599928462541236,-0.4763893124810842,0.5872314638540053,0.546459130639737,19.6875,-65.1875,119.5625,-0.02392578125,0.88671875,-0.2900390625
1969/12/31/18:00:15.616,37,1730347614,813294242,RL_myo,-0.3627330024623412,-0.4595960808583929,0.6018694493153536,0.5430924206478062,13.6875,-65.375,108.25,0.16357421875,0.9111328125,-0.2236328125
1969/12/31/18:00:15.631,38,1730347614,831088571,RL_myo,-0.3646380788941667,-0.4456348533656363,0.6153801659543001,0.5382897920602036,19.1875,-54.875,84.0625,0.19921875,0.81005859375,-0.205078125
1969/12/31/18:00:15.648,39,1730347614,852163770,RL_myo,-0.363829513284852,-0.4352404393951148,0.6285382197294759,0.5321029519908304,30.875,-48.125,72.1875,0.11474609375,0.8154296875,-0.31298828125
1969/12/31/18:00:15.665,40,1730347614,873796545,RL_myo,-0.3612050703870171,-0.4281604543367565,0.6439801787180496,0.5210557090054013,68.6875,-37.6875,68.125,0.17529296875,0.9404296875,-0.3349609375
1969/12/31/18:00:15.679,41,1730347614,890276636,RL_myo,-0.359673260019407,-0.4243692816757062,0.657030823707605,0.5087792797423684,78.3125,-16.875,52.875,0.24462890625,1.0546875,-0.27001953125
1969/12/31/18:00:15.702,42,1730347614,918881800,RL_myo,-0.3594339068289718,-0.4228490586705921,0.6646078810427364,0.5003022133260456,49.1875,-1.1875,37.25,0.11767578125,1.13818359375,-0.31494140625
1969/12/31/18:00:15.715,43,1730347614,933829814,RL_myo,-0.359560638411202,-0.4211455449053292,0.6694383096408189,0.4951817109879617,18.625,0.75,35.875,-0.0244140625,1.14404296875,-0.4541015625
1969/12/31/18:00:15.729,44,1730347614,950258592,RL_myo,-0.3604215460241289,-0.4181622373939555,0.6729903414838351,0.492260756762845,7.5,-4.3125,32.625,0.0244140625,1.1015625,-0.3720703125
1969/12/31/18:00:15.747,45,1730347614,972725039,RL_myo,-0.3638257942266013,-0.4153998247787701,0.6726596339827836,0.4925472503621326,-14.875,4.75,16.875,0.115234375,1.04052734375,-0.2568359375
1969/12/31/18:00:15.758,46,1730347614,987080890,RL_myo,-0.365353771541797,-0.4145477474627272,0.6715038747916556,0.4937097657871026,-17.25,4.75,7.125,0.01806640625,1.04150390625,-0.3251953125
1969/12/31/18:00:15.777,47,1730347615,10129816,RL_myo,-0.3612639258512466,-0.4157678430306964,0.6739442928280902,0.4923662932660934,9.625,-9.875,5.1875,-0.1064453125,1.0263671875,-0.48583984375
1969/12/31/18:00:15.795,48,1730347615,31244076,RL_myo,-0.353881326410792,-0.4174188325842371,0.6806630824651868,0.4870598455947086,51.25,-22.5,6.0625,-0.02001953125,0.97802734375,-0.41796875
1969/12/31/18:00:15.807,49,1730347615,46957532,RL_myo,-0.3502302674685102,-0.4164554051825802,0.6847740276628121,0.4847558006683353,29.5,-20.0625,8.0,0.0830078125,1.0322265625,-0.2685546875
1969/12/31/18:00:15.827,50,1730347615,70230027,RL_myo,-0.3487592956738246,-0.4136404877111497,0.6874476631386571,0.4844421648167914,5.875,-17.5,15.875,0.04638671875,0.9267578125,-0.2880859375
1969/12/31/18:00:15.845,51,1730347615,92720903,RL_myo,-0.3499828148624211,-0.4086388115632908,0.691603640600993,0.4818825119181749,5.125,-11.0,38.0625,0.0693359375,0.724609375,-0.27734375
1969/12/31/18:00:15.857,52,1730347615,107014727,RL_myo,-0.3515075054692311,-0.4047921125667548,0.6983762593469253,0.4741902778243543,34.6875,-1.4375,45.625,0.140625,0.59765625,-0.23583984375
1969/12/31/18:00:15.877,53,1730347615,130249052,RL_myo,-0.3499182274548172,-0.4044231946826476,0.7052686408931472,0.4653979564526393,53.0625,-1.0,30.0625,0.14306640625,1.025390625,-0.41064453125
1969/12/31/18:00:15.895,54,1730347615,152944234,RL_myo,-0.3433350237896173,-0.4095605350450368,0.7102304598783976,0.4582072930824279,79.1875,-9.375,-18.0625,0.23779296875,1.29052734375,-0.30615234375
1969/12/31/18:00:15.907,55,1730347615,167101402,RL_myo,-0.336246366632569,-0.4130294360142666,0.717048886403961,0.4496509317448059,61.875,-9.0625,6.375,0.02783203125,1.00146484375,-0.61865234375
1969/12/31/18:00:15.926,56,1730347615,190576243,RL_myo,-0.3324641592998654,-0.4105294539105736,0.723339958116891,0.4446486874425407,36.0,-20.0625,29.125,0.07666015625,1.12841796875,-0.55029296875
1969/12/31/18:00:15.945,57,1730347615,213086559,RL_myo,-0.3285038790608659,-0.4088902797898069,0.727445044713378,0.4423998728043768,18.5625,-22.4375,10.1875,0.123046875,0.93408203125,-0.51318359375
1969/12/31/18:00:15.962,58,1730347615,234173305,RL_myo,-0.325933416864604,-0.4065012277749555,0.730237340705641,0.4419022355992009,3.6875,-17.75,15.9375,0.02978515625,0.82861328125,-0.47119140625
1969/12/31/18:00:15.975,59,1730347615,250561840,RL_myo,-0.3237388935218256,-0.4043073964344971,0.733783743951619,0.4396476715757371,11.875,-13.375,20.125,0.033203125,0.7373046875,-0.443359375
1969/12/31/18:00:15.993,60,1730347615,273006723,RL_myo,-0.3200757027001205,-0.4048554797883103,0.7376267862568566,0.4353737580777955,33.0625,-8.1875,10.5,0.037109375,0.9208984375,-0.48876953125
1969/12/31/18:00:16.011,61,1730347615,294052986,RL_myo,-0.3157406015490064,-0.4065015283812841,0.7411633722423323,0.430977070855893,37.3125,-8.0,3.3125,0.03857421875,0.85546875,-0.4638671875
1969/12/31/18:00:16.024,62,1730347615,310424483,RL_myo,-0.3129879349568291,-0.4057002347227073,0.7440787665871106,0.4287104631701964,13.875,-8.75,15.3125,0.0126953125,1.03515625,-0.62744140625
1969/12/31/18:00:16.043,63,1730347615,332908744,RL_myo,-0.3110404104912808,-0.4046088856253337,0.746289462142247,0.4273143473016987,10.625,-10.5,9.1875,0.11083984375,1.02734375,-0.5615234375
1969/12/31/18:00:16.061,64,1730347615,354030467,RL_myo,-0.3129892262747543,-0.4022839294806759,0.7460349673861784,0.4285291259116713,-19.25,-0.5625,9.125,0.16943359375,0.93310546875,-0.53369140625
1969/12/31/18:00:16.074,65,1730347615,370446513,RL_myo,-0.3154272334008877,-0.3997771630758155,0.7452334597184286,0.4304776078127827,-26.1875,3.9375,15.5625,0.06640625,0.9423828125,-0.54541015625
1969/12/31/18:00:16.098,66,1730347615,399069181,RL_myo,-0.31665515991469,-0.3977110682351811,0.7448232298455979,0.4321964509167154,-21.0625,1.25,14.25,0.0322265625,0.95263671875,-0.54833984375
1969/12/31/18:00:16.110,67,1730347615,414063030,RL_myo,-0.3171475584014542,-0.3972279272664865,0.7448328820579186,0.4322630886449381,-6.625,3.25,8.5,0.05517578125,0.953125,-0.5205078125
1969/12/31/18:00:16.123,68,1730347615,430522230,RL_myo,-0.3162920701364695,-0.3977760364877213,0.7459292530177141,0.4304916963860516,9.5625,3.125,6.625,0.0478515625,0.9150390625,-0.49951171875
1969/12/31/18:00:16.141,69,1730347615,452841584,RL_myo,-0.3141477063833778,-0.3995358239723316,0.7473749105623588,0.4279171496898896,18.8125,4.1875,6.25,-0.03076171875,1.0302734375,-0.56298828125
1969/12/31/18:00:16.158,70,1730347615,473871488,RL_myo,-0.3103024673467908,-0.4024654739741814,0.7476189855489458,0.4275509016058751,18.5,-2.3125,-6.8125,-0.05810546875,1.20947265625,-0.56103515625
1969/12/31/18:00:16.172,71,1730347615,490475066,RL_myo,-0.3066513976956696,-0.4065084213083518,0.7456316628682922,0.4298246700981102,8.5,-3.75,-25.625,0.00537109375,1.26513671875,-0.513671875
1969/12/31/18:00:16.192,72,1730347615,514410078,RL_myo,-0.3037712783982368,-0.4109487678230518,0.7417585586445193,0.4343251792408787,-2.5625,-1.875,-34.0,-0.0029296875,1.345703125,-0.47412109375
1969/12/31/18:00:16.208,73,1730347615,533935016,RL_myo,-0.3001765981862206,-0.4170611418069226,0.7365862519136459,0.43976665106379,-7.4375,0.25,-46.0,-0.056640625,1.27197265625,-0.4677734375
1969/12/31/18:00:16.222,74,1730347615,550426279,RL_myo,-0.2942560070967678,-0.4249957638280013,0.730970740715804,0.4455039609623124,0.8125,-3.125,-57.875,-0.1455078125,1.2421875,-0.4140625
1969/12/31/18:00:16.240,75,1730347615,572893741,RL_myo,-0.2862577338288072,-0.4350018910443304,0.7249828064858365,0.4508101539572645,6.6875,-5.0625,-72.6875,-0.17529296875,1.1865234375,-0.439453125
1969/12/31/18:00:16.258,76,1730347615,594177110,RL_myo,-0.278140069417266,-0.4453170828326471,0.7184522179307962,0.4562424882365731,6.5625,-5.6875,-80.375,-0.146484375,1.1767578125,-0.41943359375
1969/12/31/18:00:16.271,77,1730347615,610479013,RL_myo,-0.2703251289811635,-0.4560553993558938,0.71087757445103,0.4621589245078731,2.1875,-4.4375,-87.75,-0.1337890625,1.1240234375,-0.38623046875
1969/12/31/18:00:16.289,78,1730347615,632783938,RL_myo,-0.2620942654894204,-0.4666913725971375,0.7021123278818824,0.4696211641070332,-5.75,-7.6875,-93.5,-0.17626953125,1.07421875,-0.349609375
1969/12/31/18:00:16.306,79,1730347615,653872007,RL_myo,-0.2537917906587922,-0.4776754578392755,0.6925256509895759,0.477309235919133,-16.1875,-9.625,-103.4375,-0.1484375,1.01806640625,-0.361328125
1969/12/31/18:00:16.320,80,1730347615,670210090,RL_myo,-0.2465169163706192,-0.488761442509512,0.6811410712295396,0.486198008370476,-28.6875,-6.5625,-108.75,-0.10107421875,0.93896484375,-0.30078125
1969/12/31/18:00:16.338,81,1730347615,692884249,RL_myo,-0.2408458615494249,-0.4990257891606939,0.668155004151433,0.4965233359616248,-45.125,-4.0625,-107.125,-0.1474609375,0.85009765625,-0.31103515625
1969/12/31/18:00:16.356,82,1730347615,713944428,RL_myo,-0.2360845903400015,-0.5078748387329763,0.6544206250324447,0.5079969093587985,-54.8125,-5.125,-99.5625,-0.22607421875,0.79052734375,-0.2822265625
1969/12/31/18:00:16.369,83,1730347615,729624133,RL_myo,-0.2319962126557186,-0.5159947334363182,0.6405683377589495,0.5192296188008941,-59.8125,-4.625,-95.3125,-0.224609375,0.6904296875,-0.27587890625
1969/12/31/18:00:16.388,84,1730347615,752809676,RL_myo,-0.2291205626183801,-0.5231809970071271,0.6279758840651342,0.5286129975593475,-54.1875,-0.75,-85.375,-0.173828125,0.62744140625,-0.236328125
1969/12/31/18:00:16.406,85,1730347615,774645809,RL_myo,-0.2278579915560701,-0.5293898635858013,0.6166754054891446,0.5362262137208883,-51.0625,5.3125,-71.875,-0.16162109375,0.60400390625,-0.23681640625
1969/12/31/18:00:16.418,86,1730347615,789703261,RL_myo,-0.2272416462469549,-0.5349914126657426,0.6067712074512432,0.5421938070404783,-43.1875,9.0,-60.8125,-0.1845703125,0.60546875,-0.22021484375
1969/12/31/18:00:16.437,87,1730347615,812934160,RL_myo,-0.2268694700516371,-0.5399212623289701,0.5990037608519684,0.546085861864944,-27.9375,12.1875,-50.0,-0.1650390625,0.58935546875,-0.16357421875
1969/12/31/18:00:16.454,88,1730347615,834004267,RL_myo,-0.2263244459708978,-0.5446313461160521,0.594193225870197,0.546889707631943,-10.25,16.125,-35.0625,-0.193359375,0.58056640625,-0.1953125
1969/12/31/18:00:16.468,89,1730347615,849783692,RL_myo,-0.2255244528671278,-0.5495594515874476,0.5921008707074443,0.5445545787498008,3.3125,19.875,-23.6875,-0.20703125,0.599609375,-0.314453125
1969/12/31/18:00:16.487,90,1730347615,873117460,RL_myo,-0.2260795748609588,-0.5534799095138161,0.5910784565209302,0.5414556988638136,6.875,22.3125,-14.1875,-0.1796875,0.62451171875,-0.27880859375
1969/12/31/18:00:16.504,91,1730347615,893975816,RL_myo,-0.2279646733984189,-0.5569418058261238,0.5905719356902547,0.5376548347969671,1.875,25.9375,-5.75,-0.18505859375,0.64013671875,-0.35498046875
1969/12/31/18:00:16.517,92,1730347615,909589874,RL_myo,-0.2310820151195327,-0.5591501163523612,0.5900342948126052,0.5346136741764362,-8.625,23.1875,2.9375,-0.21826171875,0.658203125,-0.40478515625
1969/12/31/18:00:16.536,93,1730347615,932935544,RL_myo,-0.2367509079475816,-0.5593156278503837,0.5894664266454611,0.5325827333721571,-20.125,22.25,11.3125,-0.150390625,0.7099609375,-0.3701171875
1969/12/31/18:00:16.554,94,1730347615,954111721,RL_myo,-0.2440251959500022,-0.558242731905633,0.5887611406037323,0.531203421799117,-27.6875,22.9375,20.125,-0.17822265625,0.759765625,-0.3515625
1969/12/31/18:00:16.566,95,1730347615,969703016,RL_myo,-0.2507375238176011,-0.5565298788142375,0.5883908786761625,0.5302842275869813,-29.25,18.375,26.5625,-0.267578125,0.8125,-0.39794921875
1969/12/31/18:00:16.585,96,1730347615,992902998,RL_myo,-0.2576970235059077,-0.5540302895222938,0.588454998488976,0.5294935288758289,-30.4375,14.9375,28.0,-0.2138671875,0.83935546875,-0.3984375
1969/12/31/18:00:16.604,97,1730347616,15412593,RL_myo,-0.265442930355713,-0.5513937532383333,0.5888694854154792,0.5279561617790107,-25.6875,19.5625,30.3125,-0.15380859375,0.80322265625,-0.32177734375
1969/12/31/18:00:16.615,98,1730347616,29621791,RL_myo,-0.2720285875382704,-0.5493061000324062,0.5904430235237219,0.5250145636087509,-13.9375,21.0,35.1875,-0.19287109375,0.76708984375,-0.32177734375
1969/12/31/18:00:16.634,99,1730347616,52980339,RL_myo,-0.2775914531524949,-0.5471871982216615,0.5936355482324462,0.5206976004494138,-0.75,18.6875,37.3125,-0.16650390625,0.84130859375,-0.34619140625
1969/12/31/18:00:16.653,100,1730347616,75429761,RL_myo,-0.2828973827615715,-0.5451038889845945,0.5974109131543176,0.5156850025787525,4.5,19.5,38.625,-0.15478515625,0.88916015625,-0.35302734375
1969/12/31/18:00:16.665,101,1730347616,89689656,RL_myo,-0.2886996827915442,-0.5424868458036459,0.601142320468059,0.5108702632061788,2.625,18.875,41.1875,-0.14306640625,0.93359375,-0.3505859375
1969/12/31/18:00:16.685,102,1730347616,112999519,RL_myo,-0.2941914998163916,-0.5396766060947168,0.604923642049846,0.5062291077753428,-0.25,16.25,41.5625,-0.13134765625,0.90673828125,-0.3916015625
1969/12/31/18:00:16.703,103,1730347616,135343823,RL_myo,-0.2988269015770682,-0.536740966599007,0.6090673306449274,0.5016458954374845,3.75,12.75,40.75,-0.12451171875,0.93359375,-0.39208984375
1969/12/31/18:00:16.714,104,1730347616,149685424,RL_myo,-0.3032836456485587,-0.5336913257297238,0.6132811574716679,0.4970702375049028,4.5,12.0,41.4375,-0.1142578125,0.9306640625,-0.390625
1969/12/31/18:00:16.733,105,1730347616,172943148,RL_myo,-0.3077474177676647,-0.5304095716781052,0.6180583800704825,0.4918953668761622,5.75,11.625,45.3125,-0.0966796875,0.91357421875,-0.42041015625
1969/12/31/18:00:16.752,106,1730347616,195404031,RL_myo,-0.3120133030236203,-0.5271022857809048,0.6229890031224751,0.4865137007827225,7.8125,11.6875,45.375,-0.091796875,0.96630859375,-0.4404296875
1969/12/31/18:00:16.769,107,1730347616,216423810,RL_myo,-0.3161583770067139,-0.5238585617468389,0.6273729647204657,0.4816837666673718,6.3125,11.125,43.0625,-0.08154296875,0.97705078125,-0.421875
1969/12/31/18:00:16.783,108,1730347616,233498391,RL_myo,-0.3198938098114785,-0.5206438079931143,0.6314866163536647,0.4773076879843087,7.25,9.5,41.25,-0.0810546875,0.98486328125,-0.40087890625
1969/12/31/18:00:16.801,109,1730347616,255325734,RL_myo,-0.3233734964831573,-0.5171656541528485,0.6352720557562667,0.4737073813147949,3.5,6.4375,39.6875,-0.08447265625,1.0224609375,-0.421875
1969/12/31/18:00:16.819,110,1730347616,276365019,RL_myo,-0.3272194648493342,-0.5131382281269078,0.6386913785083815,0.4708395731855557,-1.1875,4.5625,39.0,-0.05078125,1.04248046875,-0.40966796875
1969/12/31/18:00:16.832,111,1730347616,292804876,RL_myo,-0.3320289159701679,-0.5089685901241232,0.6411698092401864,0.4686246354446598,-10.6875,7.75,38.6875,-0.041015625,0.99755859375,-0.4130859375
1969/12/31/18:00:16.851,112,1730347616,315477471,RL_myo,-0.336975054975036,-0.5046996431060627,0.6432494302448658,0.4668578510240989,-11.3125,7.4375,37.875,-0.03076171875,1.00146484375,-0.3720703125
1969/12/31/18:00:16.868,113,1730347616,336394228,RL_myo,-0.3402232635135657,-0.5009961512234207,0.645655127636616,0.465167113605469,-4.625,2.875,34.0625,-0.0546875,1.01416015625,-0.37353515625
1969/12/31/18:00:16.881,114,1730347616,353015075,RL_myo,-0.3420410837948315,-0.4974366225781365,0.6486817699092557,0.4634400337712626,0.75,-3.125,31.4375,-0.0390625,1.03515625,-0.388671875
1969/12/31/18:00:16.900,115,1730347616,375296863,RL_myo,-0.3442326677359025,-0.4937053278928573,0.6514175997775332,0.4619675642008947,-0.25,-3.0,29.875,0.0,1.07177734375,-0.37548828125
1969/12/31/18:00:16.917,116,1730347616,396513246,RL_myo,-0.3465519535876907,-0.4904705000054038,0.6534927381231781,0.4607468646765547,-3.8125,-0.5625,26.5625,-0.00390625,1.02978515625,-0.38134765625
1969/12/31/18:00:16.930,117,1730347616,412797581,RL_myo,-0.3484531021994682,-0.4874315071229556,0.6556460367536675,0.4594771331857763,-3.0,-1.375,25.875,-0.00390625,1.021484375,-0.39697265625
1969/12/31/18:00:16.949,118,1730347616,435442620,RL_myo,-0.3505351311778438,-0.4845722455895703,0.657245741341289,0.4586315472175376,-4.0625,-0.75,21.9375,0.025390625,1.04248046875,-0.3642578125
1969/12/31/18:00:16.966,119,1730347616,456254157,RL_myo,-0.3519876389114461,-0.4824189869873539,0.6578940107207348,0.458859557713933,-6.1875,-0.75,17.0,-0.03564453125,1.05517578125,-0.353515625
1969/12/31/18:00:16.980,120,1730347616,473033810,RL_myo,-0.3526590347483635,-0.4801607176125607,0.6585043831602794,0.4598361314977796,-6.875,-6.375,12.875,-0.01953125,1.03369140625,-0.33447265625
1969/12/31/18:00:16.999,121,1730347616,495484842,RL_myo,-0.3532766065095375,-0.4775459864081931,0.6595554612892299,0.4605779669524828,-7.25,-8.5,13.5,0.01953125,0.986328125,-0.3408203125
1969/12/31/18:00:17.016,122,1730347616,516538456,RL_myo,-0.3548625461300657,-0.4747369941175869,0.6607743248029052,0.4605156364897395,-4.25,-4.75,16.1875,0.06494140625,0.984375,-0.30224609375
1969/12/31/18:00:17.029,123,1730347616,532919590,RL_myo,-0.3561444201289673,-0.4738216167028575,0.6620563025088104,0.458623680008408,2.6875,5.1875,14.4375,0.02685546875,0.91259765625,-0.35107421875
1969/12/31/18:00:17.048,124,1730347616,555487853,RL_myo,-0.3566282173587171,-0.4740597919262631,0.663817985964985,0.4554440797416989,13.8125,8.4375,13.75,0.0107421875,0.9140625,-0.35302734375
1969/12/31/18:00:17.065,125,1730347616,576465291,RL_myo,-0.3567587163995342,-0.4744982482959759,0.6660920225950586,0.451548500243585,19.125,7.8125,13.75,0.03076171875,0.89306640625,-0.353515625
1969/12/31/18:00:17.079,126,1730347616,593665985,RL_myo,-0.3570637715175567,-0.4741928958837433,0.6687773922252768,0.4476420000529506,19.9375,5.1875,16.0625,0.06591796875,0.8896484375,-0.33544921875
1969/12/31/18:00:17.097,127,1730347616,615419665,RL_myo,-0.3580960037900282,-0.4735143680591511,0.6711477173470515,0.4439731262261233,15.9375,6.875,17.5,0.08154296875,0.85986328125,-0.31787109375
1969/12/31/18:00:17.114,128,1730347616,636445800,RL_myo,-0.3612093601929148,-0.4747968254377634,0.6736511842597499,0.4362222536834677,50.75,25.0625,14.3125,0.26708984375,1.2236328125,-0.16162109375
1969/12/31/18:00:17.128,129,1730347616,652933264,RL_myo,-0.3607762079706552,-0.4827846058277589,0.6730298164933878,0.4287078471977469,61.3125,38.9375,-17.9375,0.09814453125,1.33984375,-0.29248046875
1969/12/31/18:00:17.146,130,1730347616,675422838,RL_myo,-0.3545425866222951,-0.4898534687950663,0.6749065110809673,0.4228999109495408,53.6875,11.875,-10.6875,-0.15478515625,1.046875,-0.52490234375
1969/12/31/18:00:17.164,131,1730347616,696543589,RL_myo,-0.3496681579414827,-0.4909636345751941,0.6786455311836876,0.4196750312455289,30.25,-12.1875,6.0,-0.00732421875,1.0107421875,-0.5576171875
1969/12/31/18:00:17.177,132,1730347616,712861303,RL_myo,-0.3473536305115449,-0.489993840405321,0.6803028581412193,0.4200470365806452,-0.8125,-15.1875,2.0625,0.05810546875,0.908203125,-0.5263671875
1969/12/31/18:00:17.196,133,1730347616,735457877,RL_myo,-0.3460661348766133,-0.4882156989202874,0.6811460432492071,0.4218100631626586,-10.875,-15.0,3.9375,0.041015625,0.91845703125,-0.50244140625
1969/12/31/18:00:17.220,134,1730347616,764046720,RL_myo,-0.3436921580591208,-0.4879806080061571,0.6818300652954072,0.4229165269386695,-2.6875,-11.75,-0.625,-0.01416015625,0.89013671875,-0.49169921875
1969/12/31/18:00:17.226,135,1730347616,772262138,RL_myo,-0.3428347721501782,-0.4873661484100361,0.6816412204687894,0.4246219529729018,-6.375,-7.625,0.125,-0.0029296875,0.9599609375,-0.431640625
1969/12/31/18:00:17.245,136,1730347616,795374124,RL_myo,-0.3429666902190039,-0.4864035512289094,0.6811114604295897,0.4264652544154084,-11.25,-5.3125,0.3125,0.03125,0.94140625,-0.42333984375
1969/12/31/18:00:17.262,137,1730347616,816451430,RL_myo,-0.3432684036085478,-0.485483087180368,0.6807383544534378,0.4278647776130726,-7.9375,-4.9375,-1.4375,0.0810546875,0.92578125,-0.380859375
1969/12/31/18:00:17.276,138,1730347616,833056984,RL_myo,-0.3438085991083129,-0.4851650194056416,0.6803540660856318,0.4284027262810665,-1.375,-0.875,-1.5,0.0869140625,0.97705078125,-0.3642578125
1969/12/31/18:00:17.308,139,1730347616,871083938,RL_myo,-0.3438078351323363,-0.4857132526155037,0.6799253121559075,0.4284628089169183,3.9375,2.4375,-2.0,0.03076171875,0.97607421875,-0.3583984375
1969/12/31/18:00:17.312,140,1730347616,876381289,RL_myo,-0.3440565504185389,-0.4857807494733281,0.6793240032212768,0.4291398981715002,-2.875,2.1875,1.8125,-0.0146484375,0.94189453125,-0.37890625
1969/12/31/18:00:17.331,141,1730347616,900390566,RL_myo,-0.3446144198689415,-0.4848162127203334,0.678486342767119,0.4311037278665133,-14.25,-2.5,2.25,-0.00048828125,0.9619140625,-0.42333984375
1969/12/31/18:00:17.344,142,1730347616,915538602,RL_myo,-0.345583825827269,-0.4830971355391795,0.6774346313770504,0.4339024051229346,-20.0,-5.75,1.3125,0.03955078125,0.994140625,-0.421875
1969/12/31/18:00:17.363,143,1730347616,938011063,RL_myo,-0.3471087167566638,-0.4812646793786345,0.6762730053919176,0.4365256800147107,-23.0,-3.125,3.375,0.037109375,0.97509765625,-0.4296875
1969/12/31/18:00:17.374,144,1730347616,952705003,RL_myo,-0.3498613090030763,-0.4790145765973732,0.6750638655921186,0.4386694396031245,-26.25,0.875,6.625,0.07470703125,0.94384765625,-0.41943359375
1969/12/31/18:00:17.393,145,1730347616,975410069,RL_myo,-0.3533281686936661,-0.4768007693617067,0.673880862074066,0.4401190921489076,-28.5,6.125,9.4375,0.087890625,1.01904296875,-0.48681640625
1969/12/31/18:00:17.411,146,1730347616,997818128,RL_myo,-0.3558348615184021,-0.474914418091713,0.672851374507524,0.441711302368555,-30.625,3.375,7.875,0.0615234375,1.0546875,-0.56982421875
1969/12/31/18:00:17.423,147,1730347617,12243912,RL_myo,-0.3599920858337255,-0.4716885112450035,0.6708499517460965,0.4448325401078656,-50.5625,2.125,4.875,0.1611328125,1.03955078125,-0.623046875
1969/12/31/18:00:17.442,148,1730347617,35355602,RL_myo,-0.3686540885870455,-0.4653952691185798,0.6658356709265032,0.451845400299652,-92.125,5.75,6.5625,0.26123046875,1.16748046875,-0.6328125
1969/12/31/18:00:17.467,149,1730347617,65275696,RL_myo,-0.3805542119778244,-0.4569702301648711,0.6561279516859042,0.4645996249519165,-128.75,9.375,6.5,0.3115234375,1.08984375,-0.646484375
1969/12/31/18:00:17.473,150,1730347617,72119390,RL_myo,-0.3956404491672504,-0.4462399450573538,0.6422901028366208,0.4814581707854476,-168.375,13.0625,3.0625,0.35498046875,1.04150390625,-0.53466796875
1969/12/31/18:00:17.492,151,1730347617,95329744,RL_myo,-0.4108904038498991,-0.4371966670791484,0.6264674844199888,0.4975606910553146,-167.375,25.3125,-6.875,0.39892578125,0.953125,-0.44775390625
1969/12/31/18:00:17.510,152,1730347617,117762747,RL_myo,-0.4252330472291397,-0.4339610974306276,0.6091934899374254,0.5096448893875867,-140.875,52.0625,-25.9375,0.45751953125,0.8427734375,-0.375
1969/12/31/18:00:17.527,153,1730347617,138847725,RL_myo,-0.4381145738358201,-0.4368938589463361,0.595403687345838,0.5125171463498721,-93.375,78.375,-44.375,0.50146484375,0.83251953125,-0.33056640625
1969/12/31/18:00:17.541,154,1730347617,155358137,RL_myo,-0.4456112100069561,-0.4497005061404263,0.5804969481408245,0.5120775307435094,-33.6875,101.1875,-66.6875,0.5673828125,0.82763671875,-0.3232421875
1969/12/31/18:00:17.559,155,1730347617,177967944,RL_myo,-0.4497070798333958,-0.4697876484090185,0.5667725221678765,0.5057983944868827,17.3125,122.875,-84.75,0.634765625,0.83154296875,-0.29541015625
1969/12/31/18:00:17.576,156,1730347617,198918840,RL_myo,-0.4524578591685554,-0.4939621548969539,0.55176299027165,0.4968308341605344,37.625,140.9375,-99.625,0.69091796875,0.83154296875,-0.23388671875
1969/12/31/18:00:17.590,157,1730347617,215363865,RL_myo,-0.4541079122795379,-0.5203319828203039,0.5351637331810469,0.4864569974284835,48.4375,151.3125,-111.4375,0.72314453125,0.775390625,-0.1162109375
1969/12/31/18:00:17.608,158,1730347617,237844763,RL_myo,-0.4555660074280021,-0.5458369244947243,0.516723180450893,0.4769893285168591,39.9375,150.25,-117.5625,0.71240234375,0.75732421875,-0.03955078125
1969/12/31/18:00:17.626,159,1730347617,259000240,RL_myo,-0.4575234002713486,-0.5688524667194462,0.4956096598456977,0.4705850341638337,19.0625,142.9375,-123.0,0.57666015625,0.68798828125,0.13916015625
1969/12/31/18:00:17.640,160,1730347617,275273417,RL_myo,-0.4602606308661318,-0.5884329322610232,0.4704533805484874,0.4696599329684238,-19.3125,128.6875,-135.125,0.34228515625,0.63232421875,0.123046875
1969/12/31/18:00:17.658,161,1730347617,297759138,RL_myo,-0.46338413937744,-0.6034003690576096,0.4435474895753236,0.4737602331200856,-50.875,106.125,-137.8125,0.146484375,0.60107421875,0.15625
1969/12/31/18:00:17.682,162,1730347617,326380977,RL_myo,-0.4655754807155902,-0.6135244798312942,0.4176019191211416,0.4821159835045158,-67.9375,73.625,-133.25,-0.0302734375,0.53564453125,0.21826171875
1969/12/31/18:00:17.695,163,1730347617,342859739,RL_myo,-0.4675369691746219,-0.6190897491303121,0.3925235311699731,0.4940266616839935,-84.125,46.375,-126.6875,-0.177734375,0.40380859375,0.2998046875
1969/12/31/18:00:17.707,164,1730347617,357858571,RL_myo,-0.4687348033008509,-0.6212567139061669,0.3685793590018019,0.5084063686843865,-92.5,23.75,-121.0625,-0.32080078125,0.29736328125,0.3505859375
1969/12/31/18:00:17.724,165,1730347617,378916525,RL_myo,-0.4672886300009754,-0.6209762959286734,0.3477809056616455,0.5244789965515128,-83.3125,-2.625,-114.5,-0.4833984375,0.2451171875,0.42333984375
1969/12/31/18:00:17.738,166,1730347617,395338320,RL_myo,-0.4623382531652191,-0.6178548035368334,0.3320900904913474,0.542415848960964,-66.0,-38.6875,-103.375,-0.66162109375,0.24560546875,0.4833984375
1969/12/31/18:00:17.756,167,1730347617,417915007,RL_myo,-0.4561744118215284,-0.6060759846652097,0.323728803893683,0.5654878144937733,-72.0,-105.1875,-73.625,-0.9873046875,0.26904296875,0.50537109375
1969/12/31/18:00:17.774,168,1730347617,438919480,RL_myo,-0.4488564802682725,-0.5857595378208609,0.3234281328449246,0.5922903568837797,-72.375,-170.625,-43.25,-1.0888671875,0.48681640625,0.4560546875
1969/12/31/18:00:17.788,169,1730347617,455444219,RL_myo,-0.4401911896004967,-0.554999790215934,0.3286785296725839,0.624641796224554,-88.375,-242.5,-27.1875,-1.005859375,0.6943359375,0.4150390625
1969/12/31/18:00:17.807,170,1730347617,478305417,RL_myo,-0.440184030050314,-0.5114728468970647,0.3295276730784311,0.6603370800214013,-171.375,-272.75,3.5625,-0.89404296875,0.736328125,0.44287109375
1969/12/31/18:00:17.823,171,1730347617,498826178,RL_myo,-0.4454935085783773,-0.4619729231990324,0.3335555588958531,0.6905485074744158,-179.875,-279.75,61.5625,-1.0947265625,0.7607421875,0.48681640625
1969/12/31/18:00:17.837,172,1730347617,515306488,RL_myo,-0.4511177603795631,-0.4071717737101968,0.3389334221874866,0.7182117015811552,-183.0625,-297.8125,83.125,-1.02197265625,0.66015625,0.63525390625
1969/12/31/18:00:17.855,173,1730347617,537864861,RL_myo,-0.452513948853524,-0.350036079939973,0.344909134741201,0.7441394745646297,-174.1875,-313.875,74.0,-0.837890625,0.62646484375,0.640625
1969/12/31/18:00:17.872,174,1730347617,558906891,RL_myo,-0.4513100176115941,-0.2921856984455911,0.3531619910604116,0.765652266827135,-152.9375,-321.25,81.1875,-0.89501953125,0.64794921875,0.677734375
1969/12/31/18:00:17.886,175,1730347617,575498509,RL_myo,-0.4445199595468166,-0.2341313421421925,0.3649909869682773,0.7838150927502704,-123.5625,-337.5,70.5625,-0.7451171875,0.65869140625,0.57958984375
1969/12/31/18:00:17.904,176,1730347617,597868465,RL_myo,-0.4359287680009994,-0.1774355822709192,0.3791029932867834,0.7967205556870688,-98.8125,-333.5,74.0625,-0.56787109375,0.73681640625,0.49755859375
1969/12/31/18:00:17.922,177,1730347617,619035191,RL_myo,-0.4298834764406939,-0.1224401893710112,0.3966793572892332,0.8017818183338002,-64.875,-320.625,105.6875,-0.51220703125,0.77197265625,0.484375
1969/12/31/18:00:17.936,178,1730347617,636181963,RL_myo,-0.4263505934957308,-0.0679963580750528,0.4184766884762678,0.799048764416981,-28.0,-317.5,138.4375,-0.43408203125,0.802734375,0.517578125
1969/12/31/18:00:17.954,179,1730347617,657913186,RL_myo,-0.4230539791238259,-0.015015333842802,0.4402056409523925,0.791845227409233,-14.8125,-306.375,145.625,-0.22412109375,0.81298828125,0.45068359375
1969/12/31/18:00:17.972,180,1730347617,679022342,RL_myo,-0.4184071455381384,0.0303963177940179,0.4616822244858466,0.7815760027156619,12.125,-271.125,123.6875,0.20166015625,0.765625,0.50927734375
1969/12/31/18:00:17.991,181,1730347617,702863580,RL_myo,-0.4279305727541065,0.0704977623065173,0.4369030152294814,0.788049012241944,-228.875,-99.5,148.3125,0.50146484375,1.90673828125,1.30224609375
1969/12/31/18:00:18.003,182,1730347617,717932986,RL_myo,-0.4388642303457958,0.1215879759177781,0.4143268978563646,0.7880023941257612,-234.8125,-145.0,193.75,0.703125,1.423828125,0.431640625
1969/12/31/18:00:18.020,183,1730347617,738984855,RL_myo,-0.4536820579632996,0.1734038378412127,0.3804386206491654,0.787000733940372,-266.6875,-119.5625,216.4375,0.54150390625,0.35791015625,1.072265625
1969/12/31/18:00:18.034,184,1730347617,755340869,RL_myo,-0.470644263047393,0.2016610874216815,0.3786638578583875,0.7709996538470586,-16.875,-110.5,174.4375,0.97509765625,-0.06787109375,1.716796875
1969/12/31/18:00:18.059,185,1730347617,785264926,RL_myo,-0.4817737326105435,0.1870817801154587,0.4039501536065599,0.7547971591868721,211.4375,-6.9375,24.3125,0.80419921875,-0.10791015625,1.470703125
1969/12/31/18:00:18.070,186,1730347617,798804820,RL_myo,-0.4881784081904712,0.1583924692741026,0.4489312568443256,0.731474124000326,336.625,-10.75,-24.4375,0.3623046875,0.1220703125,0.34716796875
1969/12/31/18:00:18.083,187,1730347617,814635994,RL_myo,-0.5025152068388452,0.1313509929694151,0.4977543437107716,0.6945977230445838,388.5625,-15.9375,45.875,0.91845703125,0.42919921875,0.3095703125
1969/12/31/18:00:18.102,188,1730347617,837914057,RL_myo,-0.5179533912856649,0.1096820933467287,0.5232025064931322,0.6677973195918524,251.25,37.375,58.625,0.6181640625,0.59375,0.3564453125
1969/12/31/18:00:18.119,189,1730347617,858987137,RL_myo,-0.5306975886052386,0.1035760561084634,0.5314910410091338,0.652034771600893,99.75,26.1875,81.75,0.47314453125,0.595703125,0.2890625
1969/12/31/18:00:18.132,190,1730347617,874636551,RL_myo,-0.5391323542204864,0.1116961630503215,0.5324183772065326,0.6429548533180803,2.0,-5.3125,88.4375,0.56591796875,0.548828125,0.16552734375
1969/12/31/18:00:18.152,191,1730347617,898286259,RL_myo,-0.5442028812030503,0.1273224775896773,0.5310799988052648,0.6368565345976477,-32.8125,-32.0,75.375,0.828125,0.39306640625,0.26123046875
1969/12/31/18:00:18.170,192,1730347617,920404437,RL_myo,-0.5478120475691156,0.1362358206322302,0.5286462555984524,0.6339360363290066,-12.5625,-14.625,26.1875,1.009765625,0.23291015625,0.51708984375
1969/12/31/18:00:18.181,193,1730347617,934715754,RL_myo,-0.5546341489951644,0.1339129881033774,0.5260082641180067,0.6306850073255237,28.125,36.5,-0.375,1.06982421875,0.16162109375,0.55126953125
1969/12/31/18:00:18.200,194,1730347617,957760118,RL_myo,-0.5614054757546365,0.1301889410507327,0.5247230783934127,0.6265304640814681,32.5625,33.25,14.875,0.8388671875,0.33837890625,0.4931640625
1969/12/31/18:00:18.219,195,1730347617,980803307,RL_myo,-0.5654975798196435,0.1282974541587577,0.5236269549134076,0.6241530762261926,12.9375,22.0,15.0625,0.7177734375,0.4365234375,0.37890625
1969/12/31/18:00:18.231,196,1730347617,994715498,RL_myo,-0.5678957344037167,0.1306819397418698,0.5207745492188854,0.6238674012618646,-15.9375,12.0625,14.6875,0.6923828125,0.38671875,0.30712890625
1969/12/31/18:00:18.242,197,1730347618,8206642,RL_myo,-0.5696406527907711,0.1370238150128877,0.5173335661689249,0.6237787926199165,-28.9375,-1.4375,17.75,0.7919921875,0.31640625,0.3515625
1969/12/31/18:00:18.257,198,1730347618,26144704,RL_myo,-0.5709279124773629,0.1429456030598657,0.514591963876058,0.6235406835438035,-21.5625,-5.3125,10.625,0.86669921875,0.27734375,0.419921875
1969/12/31/18:00:18.273,199,1730347618,45705868,RL_myo,-0.572287577980077,0.1456354693963805,0.5132643177511165,0.6227655885378334,-5.125,0.3125,5.0625,0.85498046875,0.31591796875,0.44580078125
1969/12/31/18:00:18.291,200,1730347618,68151540,RL_myo,-0.5731430851806071,0.1450863805616936,0.5132041597655532,0.6221562797918986,6.375,5.5,-2.3125,0.79296875,0.3798828125,0.4169921875
1969/12/31/18:00:18.304,201,1730347618,83185205,RL_myo,-0.5724594499705967,0.1443508475509607,0.513376312368343,0.6228143967906993,1.375,1.75,-9.8125,0.744140625,0.408203125,0.3935546875
1969/12/31/18:00:18.322,202,1730347618,105573719,RL_myo,-0.5711288198365724,0.144903261546652,0.5132041377776959,0.6240484187249242,-7.25,-2.375,-8.9375,0.72412109375,0.4150390625,0.37255859375
1969/12/31/18:00:18.336,203,1730347618,122076945,RL_myo,-0.5700301589707767,0.1460019424197556,0.5127768889081802,0.6251471129862614,-9.5,-3.1875,-5.6875,0.72607421875,0.41357421875,0.37841796875
1969/12/31/18:00:18.354,204,1730347618,144721019,RL_myo,-0.5692877893015963,0.1474032391083258,0.5120965532583246,0.6260517695793367,-8.8125,-3.6875,-4.375,0.734375,0.39013671875,0.40087890625
1969/12/31/18:00:18.371,205,1730347618,165834215,RL_myo,-0.5686132416502675,0.1485621114401837,0.5115443944043465,0.6268417767011859,-5.8125,-4.3125,-4.8125,0.73974609375,0.38623046875,0.431640625
1969/12/31/18:00:18.384,206,1730347618,180888694,RL_myo,-0.5683166968431452,0.1491137031884656,0.5115521679993986,0.6269733766483501,-0.5625,-3.0625,-3.6875,0.7578125,0.3974609375,0.4267578125
1969/12/31/18:00:18.402,207,1730347618,203403866,RL_myo,-0.5684839951107841,0.1494147326638608,0.5115989743416998,0.6267117953400827,1.4375,0.375,-1.25,0.7763671875,0.408203125,0.412109375
1969/12/31/18:00:18.421,208,1730347618,225779407,RL_myo,-0.5687937343586457,0.1499652543533847,0.5112368622156901,0.6265947501798322,-1.5,1.625,-0.5625,0.7744140625,0.40625,0.40185546875
1969/12/31/18:00:18.433,209,1730347618,240823216,RL_myo,-0.5691173121177693,0.1509467088017206,0.5103378213874591,0.626798120778354,-5.4375,1.875,0.25,0.77294921875,0.39599609375,0.40966796875
1969/12/31/18:00:18.452,210,1730347618,263283114,RL_myo,-0.5695302751772431,0.1524077909246143,0.5088601333354063,0.6272706717389913,-9.1875,2.5,1.0,0.7578125,0.3759765625,0.4072265625
1969/12/31/18:00:18.472,211,1730347618,288650992,RL_myo,-0.5699574957238029,0.1533233271854993,0.5075783395201483,0.6276978888438198,-6.75,2.8125,0.3125,0.74853515625,0.3798828125,0.416015625
1969/12/31/18:00:18.485,212,1730347618,303552682,RL_myo,-0.5705145594975315,0.1538747410391865,0.506547590592705,0.627889512522853,-4.0,3.75,0.375,0.740234375,0.37890625,0.41259765625
1969/12/31/18:00:18.501,213,1730347618,323254202,RL_myo,-0.5711115248730263,0.1547256295343723,0.5052539492250626,0.6281799523344219,-6.3125,3.8125,1.6875,0.73876953125,0.38330078125,0.4111328125
1969/12/31/18:00:18.519,214,1730347618,345734433,RL_myo,-0.5717331103343968,0.1555831854641162,0.5040431328217624,0.6283753999031295,-6.0625,3.8125,2.125,0.75439453125,0.384765625,0.4130859375
1969/12/31/18:00:18.532,215,1730347618,360709588,RL_myo,-0.5724162640126839,0.1566850660823799,0.5025275220320352,0.6286934868128219,-8.0,4.375,1.875,0.759765625,0.3759765625,0.416015625
1969/12/31/18:00:18.550,216,1730347618,383220424,RL_myo,-0.5728854533988869,0.158266778250939,0.5006796691062294,0.6293439068821567,-11.3125,3.125,1.5,0.76123046875,0.365234375,0.4287109375
1969/12/31/18:00:18.569,217,1730347618,405625143,RL_myo,-0.5731339676863441,0.159488717525497,0.4994627537356074,0.629775961510937,-7.3125,1.3125,-0.3125,0.76025390625,0.35693359375,0.42724609375
